7450-004112
OS REV: 1.05 Sensor Cal: 1660230310
Time (sec),  BV (Volts),  T (deg C),  DO (mg/l),  Q ()
1693597860,+3.53,+31.260, +7.827,+0.929
1693598760,+3.53,+31.243, +7.669,+0.929
1693599660,+3.53,+31.217, +7.606,+0.929
1693600560,+3.53,+31.208, +7.462,+0.928
1693601460,+3.53,+31.199, +7.414,+0.929
1693602360,+3.53,+31.191, +7.147,+0.929
1693603260,+3.53,+31.199, +7.092,+0.929
1693604160,+3.53,+31.199, +6.983,+0.929
1693605060,+3.53,+31.208, +6.696,+0.929
1693605960,+3.53,+31.191, +6.685,+0.929
1693606860,+3.53,+31.208, +6.543,+0.929
1693607760,+3.53,+31.199, +6.587,+0.929
1693608660,+3.53,+31.191, +6.462,+0.929
1693609560,+3.53,+31.182, +6.367,+0.929
1693610460,+3.53,+31.164, +6.332,+0.929
1693611360,+3.53,+31.164, +6.224,+0.929
1693612260,+3.53,+31.156, +6.165,+0.929
1693613160,+3.53,+31.138, +6.158,+0.929
1693614060,+3.53,+31.130, +5.960,+0.929
1693614960,+3.53,+31.130, +5.911,+0.929
1693615860,+3.53,+31.095, +5.866,+0.929
1693616760,+3.53,+31.086, +5.809,+0.929
1693617660,+3.53,+31.086, +5.910,+0.929
1693618560,+3.53,+31.060, +5.838,+0.929
1693619460,+3.53,+31.086, +5.669,+0.929
1693620360,+3.53,+31.069, +5.367,+0.929
1693621260,+3.53,+31.095, +5.346,+0.929
1693622160,+3.53,+31.077, +5.265,+0.930
1693623060,+3.53,+31.077, +5.286,+0.930
1693623960,+3.53,+31.043, +5.418,+0.929
1693624860,+3.53,+31.025, +5.299,+0.929
1693625760,+3.53,+31.034, +5.118,+0.929
1693626660,+3.53,+31.008, +5.026,+0.929
1693627560,+3.53,+30.999, +5.035,+0.929
1693628460,+3.53,+31.017, +3.533,+0.930
1693629360,+3.53,+30.999, +4.970,+0.929
1693630260,+3.53,+30.982, +3.716,+0.930
1693631160,+3.53,+30.973, +3.053,+0.930
1693632060,+3.53,+30.982, +2.734,+0.930
1693632960,+3.53,+30.947, +2.748,+0.931
1693633860,+3.53,+30.938, +2.874,+0.930
1693634760,+3.53,+30.912, +3.346,+0.931
1693635660,+3.53,+30.886, +2.831,+0.931
1693636560,+3.53,+30.869, +2.995,+0.931
1693637460,+3.53,+30.851, +3.868,+0.931
1693638360,+3.53,+30.843, +4.454,+0.930
1693639260,+3.53,+30.843, +3.713,+0.931
1693640160,+3.53,+30.834, +2.763,+0.931
1693641060,+3.53,+30.799, +2.695,+0.931
1693641960,+3.53,+30.808, +2.579,+0.931
1693642860,+3.53,+30.782, +2.792,+0.931
1693643760,+3.53,+30.782, +2.634,+0.931
1693644660,+3.53,+30.773, +2.216,+0.931
1693645560,+3.53,+30.721, +2.719,+0.931
1693646460,+3.53,+30.738, +2.409,+0.931
1693647360,+3.53,+30.756, +1.930,+0.930
1693648260,+3.53,+30.730, +1.965,+0.930
1693649160,+3.53,+30.704, +2.025,+0.931
1693650060,+3.53,+30.678, +2.071,+0.931
1693650960,+3.53,+30.626, +1.660,+0.930
1693651860,+3.53,+30.539, +1.715,+0.930
1693652760,+3.53,+30.539, +2.110,+0.931
1693653660,+3.53,+30.513, +3.320,+0.931
1693654560,+3.53,+30.530, +3.481,+0.931
1693655460,+3.53,+30.530, +3.536,+0.931
1693656360,+3.53,+30.556, +3.756,+0.931
1693657260,+3.53,+30.574, +3.911,+0.931
1693658160,+3.53,+30.626, +3.866,+0.930
1693659060,+3.53,+30.695, +3.739,+0.931
1693659960,+3.53,+30.695, +3.645,+0.931
1693660860,+3.53,+30.704, +4.331,+0.930
1693661760,+3.53,+30.773, +4.405,+0.930
1693662660,+3.53,+30.799, +4.989,+0.930
1693663560,+3.53,+30.860, +5.325,+0.929
1693664460,+3.53,+30.921, +5.507,+0.929
1693665360,+3.53,+30.964, +5.338,+0.929
1693666260,+3.53,+30.990, +5.298,+0.930
1693667160,+3.53,+31.025, +5.567,+0.929
1693668060,+3.53,+31.051, +5.505,+0.929
1693668960,+3.53,+31.077, +5.463,+0.929
1693669860,+3.53,+31.121, +5.447,+0.929
1693670760,+3.53,+31.147, +5.773,+0.929
1693671660,+3.53,+31.217, +6.117,+0.929
1693672560,+3.53,+31.243, +6.447,+0.929
1693673460,+3.53,+31.313, +6.548,+0.929
1693674360,+3.53,+31.313, +6.978,+0.929
1693675260,+3.53,+31.347, +7.337,+0.928
1693676160,+3.53,+31.391, +7.552,+0.928
1693677060,+3.53,+31.417, +7.721,+0.929
1693677960,+3.53,+31.417, +7.696,+0.929
1693678860,+3.53,+31.435, +7.849,+0.929
1693679760,+3.53,+31.452, +7.926,+0.929
1693680660,+3.53,+31.443, +7.957,+0.929
1693681560,+3.53,+31.443, +8.094,+0.930
1693682460,+3.53,+31.461, +8.194,+0.929
1693683360,+3.53,+31.452, +8.350,+0.929
1693684260,+3.53,+31.452, +8.281,+0.929
