7450-035196
OS REV: 1.05 Sensor Cal: 1660234958
Time (sec),  BV (Volts),  T (deg C),  DO (mg/l),  Q ()
1695406140,+3.54,+32.295, +8.613,+0.924
1695407040,+3.54,+32.278, +9.003,+0.923
1695407940,+3.54,+32.234, +8.674,+0.922
1695408840,+3.54,+32.260, +8.459,+0.923
1695409740,+3.54,+32.164, +8.389,+0.924
1695410640,+3.54,+32.111, +8.173,+0.924
1695411540,+3.54,+32.059, +8.053,+0.925
1695412440,+3.54,+32.059, +8.016,+0.924
1695413340,+3.54,+32.067, +7.903,+0.924
1695414240,+3.54,+32.067, +8.039,+0.924
1695415140,+3.54,+32.067, +8.034,+0.925
1695416040,+3.54,+32.085, +8.018,+0.925
1695416940,+3.54,+32.076, +7.962,+0.924
1695417840,+3.54,+32.050, +7.839,+0.923
1695418740,+3.54,+32.094, +7.741,+0.925
1695419640,+3.54,+32.085, +7.610,+0.924
1695420540,+3.54,+32.111, +7.493,+0.924
1695421440,+3.54,+32.120, +7.505,+0.924
1695422340,+3.54,+32.102, +7.559,+0.924
1695423240,+3.54,+32.085, +7.466,+0.923
1695424140,+3.54,+32.076, +7.271,+0.925
1695425040,+3.54,+32.085, +7.212,+0.924
1695425940,+3.54,+32.076, +7.245,+0.924
1695426840,+3.54,+32.024, +7.141,+0.924
1695427740,+3.54,+31.971, +7.076,+0.924
1695428640,+3.54,+31.910, +7.031,+0.924
1695429540,+3.54,+31.901, +6.952,+0.924
1695430440,+3.54,+31.892, +6.924,+0.924
1695431340,+3.53,+31.910, +6.764,+0.924
1695432240,+3.53,+31.875, +6.679,+0.924
1695433140,+3.53,+31.892, +6.633,+0.925
1695434040,+3.53,+31.884, +6.254,+0.924
1695434940,+3.53,+31.866, +6.281,+0.923
1695435840,+3.53,+31.849, +6.055,+0.923
1695436740,+3.53,+31.831, +6.192,+0.923
1695437640,+3.53,+31.822, +6.148,+0.924
1695438540,+3.53,+31.822, +5.583,+0.923
1695439440,+3.53,+31.779, +5.415,+0.923
1695440340,+3.53,+31.752, +5.302,+0.923
1695441240,+3.54,+31.709, +5.330,+0.923
1695442140,+3.53,+31.744, +5.461,+0.923
1695443040,+3.53,+31.726, +5.768,+0.924
1695443940,+3.54,+31.709, +5.680,+0.924
1695444840,+3.54,+31.691, +5.564,+0.923
1695445740,+3.54,+31.665, +5.488,+0.924
1695446640,+3.54,+31.656, +5.225,+0.924
1695447540,+3.54,+31.630, +5.388,+0.923
1695448440,+3.54,+31.648, +5.440,+0.924
1695449340,+3.54,+31.656, +5.264,+0.924
1695450240,+3.54,+31.648, +5.138,+0.923
1695451140,+3.54,+31.630, +5.030,+0.924
1695452040,+3.54,+31.595, +4.548,+0.923
1695452940,+3.54,+31.586, +4.682,+0.923
1695453840,+3.54,+31.534, +4.095,+0.921
1695454740,+3.54,+31.525, +4.935,+0.924
1695455640,+3.54,+31.491, +5.043,+0.924
1695456540,+3.54,+31.464, +4.991,+0.924
1695457440,+3.54,+31.421, +3.449,+0.924
1695458340,+3.54,+31.403, +3.267,+0.924
1695459240,+3.54,+31.429, +3.451,+0.924
1695460140,+3.54,+31.342, +2.209,+0.922
1695461040,+3.54,+31.299, +2.082,+0.923
1695461940,+3.54,+31.308, +3.073,+0.923
1695462840,+3.54,+31.220, +3.068,+0.924
1695463740,+3.54,+31.247, +4.577,+0.919
1695464640,+3.54,+31.160, +4.065,+0.916
1695465540,+3.54,+31.220, +4.527,+0.921
1695466440,+3.54,+31.247, +4.801,+0.919
1695467340,+3.54,+31.247, +4.839,+0.920
1695468240,+3.54,+31.255, +4.996,+0.921
1695469140,+3.54,+31.255, +5.536,+0.923
1695470040,+3.54,+31.255, +5.753,+0.921
1695470940,+3.54,+31.229, +5.952,+0.920
1695471840,+3.54,+31.229, +5.966,+0.921
1695472740,+3.54,+31.308, +6.702,+0.923
1695473640,+3.54,+31.377, +7.171,+0.923
1695474540,+3.54,+31.412, +7.227,+0.923
1695475440,+3.54,+31.447, +7.268,+0.922
1695476340,+3.54,+31.569, +7.475,+0.920
1695477240,+3.54,+31.604, +7.663,+0.922
1695478140,+3.53,+31.683, +8.504,+0.925
1695479040,+3.53,+31.665, +7.995,+0.925
1695479940,+3.53,+31.630, +7.849,+0.924
1695480840,+3.53,+31.726, +8.365,+0.925
1695481740,+3.53,+31.683, +8.160,+0.925
1695482640,+3.53,+31.691, +8.087,+0.926
1695483540,+3.53,+31.700, +8.027,+0.925
1695484440,+3.53,+31.744, +7.946,+0.925
1695485340,+3.53,+31.726, +7.833,+0.924
1695486240,+3.53,+31.779, +8.175,+0.925
1695487140,+3.53,+31.831, +8.086,+0.924
1695488040,+3.53,+31.875, +8.098,+0.925
1695488940,+3.54,+31.927, +8.234,+0.924
1695489840,+3.54,+31.980, +8.345,+0.925
1695490740,+3.54,+32.024, +8.015,+0.924
1695491640,+3.54,+32.015, +8.054,+0.924
1695492540,+3.54,+32.050, +8.244,+0.924
