7450-035196
OS REV: 1.05 Sensor Cal: 1660234958
Time (sec),  BV (Volts),  T (deg C),  DO (mg/l),  Q ()
1695493440,+3.54,+32.015, +8.369,+0.924
1695494340,+3.54,+32.041, +8.489,+0.925
1695495240,+3.54,+32.050, +8.583,+0.925
1695496140,+3.54,+32.050, +8.671,+0.924
1695497040,+3.54,+32.032, +8.775,+0.924
1695497940,+3.54,+31.910, +8.226,+0.925
1695498840,+3.53,+31.936, +7.993,+0.924
1695499740,+3.54,+31.945, +7.992,+0.924
1695500640,+3.54,+31.936, +7.887,+0.924
1695501540,+3.54,+31.936, +7.798,+0.924
1695502440,+3.54,+31.962, +7.847,+0.924
1695503340,+3.54,+31.997, +7.819,+0.925
1695504240,+3.54,+31.954, +7.684,+0.925
1695505140,+3.54,+31.980, +7.413,+0.924
1695506040,+3.54,+31.971, +7.760,+0.924
1695506940,+3.54,+31.901, +7.472,+0.925
1695507840,+3.54,+31.919, +7.323,+0.924
1695508740,+3.54,+31.910, +7.282,+0.924
1695509640,+3.53,+31.875, +7.171,+0.924
1695510540,+3.53,+31.884, +7.051,+0.923
1695511440,+3.53,+31.892, +6.882,+0.924
1695512340,+3.54,+31.927, +7.138,+0.923
1695513240,+3.53,+31.892, +7.027,+0.924
1695514140,+3.53,+31.892, +7.116,+0.924
1695515040,+3.53,+31.866, +7.008,+0.924
1695515940,+3.53,+31.849, +6.947,+0.925
1695516840,+3.53,+31.866, +6.687,+0.923
1695517740,+3.53,+31.875, +6.335,+0.923
1695518640,+3.53,+31.866, +6.404,+0.923
1695519540,+3.53,+31.805, +6.674,+0.924
1695520440,+3.53,+31.761, +6.747,+0.924
1695521340,+3.53,+31.744, +6.590,+0.924
1695522240,+3.53,+31.726, +6.614,+0.925
1695523140,+3.53,+31.744, +6.299,+0.923
1695524040,+3.53,+31.709, +6.449,+0.924
1695524940,+3.53,+31.691, +6.411,+0.924
1695525840,+3.53,+31.656, +6.415,+0.924
1695526740,+3.54,+31.665, +6.005,+0.924
1695527640,+3.53,+31.656, +5.778,+0.924
1695528540,+3.54,+31.648, +5.797,+0.924
1695529440,+3.54,+31.639, +5.283,+0.923
1695530340,+3.54,+31.613, +5.411,+0.924
1695531240,+3.54,+31.578, +5.782,+0.923
1695532140,+3.54,+31.543, +5.929,+0.924
1695533040,+3.54,+31.517, +6.371,+0.924
1695533940,+3.54,+31.534, +5.683,+0.925
1695534840,+3.54,+31.534, +5.525,+0.923
1695535740,+3.54,+31.491, +5.070,+0.923
1695536640,+3.54,+31.482, +4.869,+0.924
1695537540,+3.54,+31.438, +4.681,+0.924
1695538440,+3.54,+31.368, +4.498,+0.924
1695539340,+3.54,+31.334, +4.414,+0.924
1695540240,+3.54,+31.281, +4.151,+0.924
1695541140,+3.54,+31.281, +4.045,+0.924
1695542040,+3.54,+31.255, +4.602,+0.924
1695542940,+3.54,+31.238, +3.885,+0.924
1695543840,+3.54,+31.220, +4.573,+0.924
1695544740,+3.54,+31.142, +5.065,+0.924
1695545640,+3.54,+31.116, +5.021,+0.925
1695546540,+3.54,+31.107, +5.006,+0.925
1695547440,+3.54,+31.116, +4.762,+0.924
1695548340,+3.54,+31.099, +4.218,+0.925
1695549240,+3.54,+31.099, +3.881,+0.924
1695550140,+3.54,+31.073, +3.803,+0.924
1695551040,+3.54,+31.064, +3.666,+0.924
1695551940,+3.54,+31.073, +4.021,+0.925
1695552840,+3.54,+31.081, +4.225,+0.924
1695553740,+3.54,+31.099, +4.778,+0.925
1695554640,+3.54,+31.125, +5.478,+0.925
1695555540,+3.54,+31.090, +6.590,+0.925
1695556440,+3.54,+31.107, +6.413,+0.925
1695557340,+3.54,+31.142, +6.676,+0.926
1695558240,+3.54,+31.142, +7.044,+0.925
1695559140,+3.54,+31.151, +6.970,+0.925
1695560040,+3.54,+31.107, +6.463,+0.925
1695560940,+3.54,+31.186, +7.202,+0.925
1695561840,+3.54,+31.203, +6.773,+0.924
1695562740,+3.54,+31.229, +6.851,+0.924
1695563640,+3.54,+31.238, +6.680,+0.924
1695564540,+3.54,+31.229, +7.049,+0.925
1695565440,+3.54,+31.273, +7.572,+0.925
1695566340,+3.54,+31.290, +7.550,+0.924
1695567240,+3.54,+31.290, +7.485,+0.925
1695568140,+3.54,+31.255, +7.382,+0.924
1695569040,+3.54,+31.290, +7.452,+0.925
1695569940,+3.54,+31.325, +7.528,+0.925
1695570840,+3.54,+31.308, +6.977,+0.925
1695571740,+3.54,+31.360, +7.839,+0.925
1695572640,+3.54,+31.377, +7.962,+0.926
1695573540,+3.54,+31.429, +7.934,+0.925
1695574440,+3.54,+31.482, +8.039,+0.925
1695575340,+3.54,+31.491, +8.100,+0.925
1695576240,+3.54,+31.517, +8.119,+0.925
1695577140,+3.54,+31.543, +8.141,+0.926
1695578040,+3.53,+31.586, +8.220,+0.925
1695578940,+3.53,+31.604, +8.082,+0.926
1695579840,+3.53,+31.639, +7.945,+0.925
