7450-035196
OS REV: 1.05 Sensor Cal: 1660234958
Time (sec),  BV (Volts),  T (deg C),  DO (mg/l),  Q ()
1694795040,+3.53,+31.971, +5.492,+0.922
1694795940,+3.54,+32.041, +5.102,+0.922
1694796840,+3.54,+32.102, +5.162,+0.922
1694797740,+3.54,+32.120, +5.480,+0.922
1694798640,+3.53,+32.225, +6.701,+0.923
1694799540,+3.54,+32.111, +5.811,+0.922
1694800440,+3.54,+32.129, +5.887,+0.922
1694801340,+3.53,+32.137, +5.674,+0.922
1694802240,+3.54,+32.129, +5.697,+0.922
1694803140,+3.54,+32.155, +5.788,+0.922
1694804040,+3.54,+32.102, +5.999,+0.923
1694804940,+3.54,+32.085, +6.057,+0.922
1694805840,+3.54,+32.067, +6.058,+0.923
1694806740,+3.54,+32.102, +6.148,+0.923
1694807640,+3.54,+32.094, +6.193,+0.923
1694808540,+3.54,+32.059, +5.986,+0.923
1694809440,+3.54,+32.024, +6.001,+0.922
1694810340,+3.54,+31.989, +6.157,+0.923
1694811240,+3.53,+31.971, +6.115,+0.923
1694812140,+3.53,+31.954, +6.041,+0.923
1694813040,+3.53,+31.954, +5.930,+0.923
1694813940,+3.53,+31.936, +5.994,+0.924
1694814840,+3.53,+31.919, +5.953,+0.923
1694815740,+3.53,+31.910, +5.889,+0.923
1694816640,+3.53,+31.919, +5.802,+0.923
1694817540,+3.53,+31.901, +5.768,+0.923
1694818440,+3.53,+31.884, +5.592,+0.922
1694819340,+3.53,+31.866, +5.721,+0.923
1694820240,+3.53,+31.875, +5.618,+0.923
1694821140,+3.53,+31.892, +5.390,+0.923
1694822040,+3.53,+31.866, +5.602,+0.923
1694822940,+3.53,+31.875, +5.175,+0.923
1694823840,+3.53,+31.849, +5.337,+0.923
1694824740,+3.53,+31.849, +5.172,+0.923
1694825640,+3.53,+31.840, +5.068,+0.923
1694826540,+3.53,+31.805, +4.958,+0.923
1694827440,+3.53,+31.822, +4.967,+0.923
1694828340,+3.53,+31.796, +4.759,+0.923
1694829240,+3.53,+31.779, +4.672,+0.923
1694830140,+3.53,+31.761, +4.652,+0.923
1694831040,+3.53,+31.761, +4.666,+0.924
1694831940,+3.53,+31.744, +4.588,+0.923
1694832840,+3.53,+31.752, +4.274,+0.923
1694833740,+3.53,+31.779, +4.387,+0.923
1694834640,+3.53,+31.779, +4.526,+0.923
1694835540,+3.53,+31.787, +4.278,+0.923
1694836440,+3.53,+31.752, +4.179,+0.923
1694837340,+3.53,+31.752, +3.977,+0.923
1694838240,+3.53,+31.726, +4.013,+0.923
1694839140,+3.53,+31.726, +3.811,+0.923
1694840040,+3.53,+31.709, +3.847,+0.923
1694840940,+3.53,+31.683, +3.077,+0.923
1694841840,+3.53,+31.674, +3.951,+0.923
1694842740,+3.53,+31.613, +3.338,+0.923
1694843640,+3.53,+31.621, +4.041,+0.923
1694844540,+3.53,+31.613, +3.722,+0.923
1694845440,+3.53,+31.586, +3.089,+0.924
1694846340,+3.53,+31.552, +2.892,+0.923
1694847240,+3.53,+31.543, +2.438,+0.923
1694848140,+3.53,+31.534, +2.011,+0.923
1694849040,+3.53,+31.508, +2.356,+0.923
1694849940,+3.53,+31.473, +2.098,+0.923
1694850840,+3.53,+31.429, +1.897,+0.923
1694851740,+3.53,+31.438, +1.746,+0.923
1694852640,+3.53,+31.412, +1.932,+0.923
1694853540,+3.53,+31.342, +1.754,+0.923
1694854440,+3.54,+31.325, +2.184,+0.924
1694855340,+3.54,+31.334, +3.302,+0.925
1694856240,+3.54,+31.212, +3.465,+0.925
1694857140,+3.54,+31.186, +2.525,+0.925
1694858040,+3.54,+31.212, +2.234,+0.924
1694858940,+3.54,+31.203, +2.806,+0.924
1694859840,+3.54,+31.203, +2.709,+0.925
1694860740,+3.54,+31.203, +2.632,+0.924
1694861640,+3.54,+31.194, +2.855,+0.925
1694862540,+3.54,+31.177, +3.033,+0.925
1694863440,+3.54,+31.194, +3.441,+0.925
1694864340,+3.54,+31.212, +3.240,+0.924
1694865240,+3.54,+31.220, +3.080,+0.924
1694866140,+3.54,+31.238, +3.077,+0.924
1694867040,+3.54,+31.264, +3.354,+0.924
1694867940,+3.54,+31.308, +3.161,+0.924
1694868840,+3.54,+31.273, +2.652,+0.924
1694869740,+3.53,+31.342, +2.911,+0.924
1694870640,+3.53,+31.412, +3.168,+0.924
1694871540,+3.53,+31.464, +3.155,+0.924
1694872440,+3.53,+31.499, +3.225,+0.923
1694873340,+3.53,+31.508, +3.544,+0.923
1694874240,+3.53,+31.517, +3.435,+0.923
1694875140,+3.53,+31.560, +3.562,+0.923
1694876040,+3.53,+31.604, +3.744,+0.923
1694876940,+3.53,+31.621, +3.678,+0.923
1694877840,+3.53,+31.691, +4.341,+0.923
1694878740,+3.53,+31.709, +4.527,+0.923
1694879640,+3.53,+31.752, +4.354,+0.923
1694880540,+3.53,+31.779, +4.324,+0.923
1694881440,+3.53,+31.857, +4.083,+0.922
