7450-035196
OS REV: 1.05 Sensor Cal: 1660234958
Time (sec),  BV (Volts),  T (deg C),  DO (mg/l),  Q ()
1693423440,+3.54,+31.316, +7.996,+0.923
1693424340,+3.54,+31.281, +8.210,+0.923
1693425240,+3.54,+31.281, +8.118,+0.924
1693426140,+3.54,+31.220, +8.098,+0.923
1693427040,+3.54,+31.194, +8.076,+0.923
1693427940,+3.54,+31.203, +8.023,+0.923
1693428840,+3.54,+31.255, +7.662,+0.923
1693429740,+3.54,+31.273, +7.487,+0.922
1693430640,+3.54,+31.281, +7.425,+0.923
1693431540,+3.54,+31.281, +7.491,+0.922
1693432440,+3.54,+31.255, +7.377,+0.924
1693433340,+3.54,+31.238, +7.217,+0.923
1693434240,+3.54,+31.194, +6.991,+0.923
1693435140,+3.54,+31.142, +6.724,+0.922
1693436040,+3.54,+31.151, +6.708,+0.923
1693436940,+3.54,+31.151, +6.428,+0.922
1693437840,+3.54,+31.142, +6.461,+0.922
1693438740,+3.54,+31.133, +6.338,+0.922
1693439640,+3.54,+31.116, +6.193,+0.922
1693440540,+3.54,+31.099, +6.072,+0.922
1693441440,+3.54,+31.090, +6.114,+0.922
1693442340,+3.54,+31.081, +5.967,+0.922
1693443240,+3.54,+31.073, +5.927,+0.922
1693444140,+3.54,+31.064, +5.983,+0.921
1693445040,+3.54,+31.046, +5.779,+0.922
1693445940,+3.54,+31.055, +5.848,+0.922
1693446840,+3.54,+31.046, +5.865,+0.922
1693447740,+3.54,+31.020, +5.807,+0.922
1693448640,+3.54,+31.029, +5.585,+0.922
1693449540,+3.54,+31.003, +5.779,+0.922
1693450440,+3.54,+30.986, +5.701,+0.922
1693451340,+3.54,+30.977, +5.610,+0.923
1693452240,+3.54,+30.986, +5.503,+0.922
1693453140,+3.54,+30.986, +5.329,+0.922
1693454040,+3.54,+30.968, +5.183,+0.923
1693454940,+3.54,+31.038, +2.612,+0.922
1693455840,+3.54,+31.099, +1.776,+0.921
1693456740,+3.54,+31.055, +2.613,+0.922
1693457640,+3.54,+31.099, +1.805,+0.921
1693458540,+3.54,+31.090, +1.557,+0.921
1693459440,+3.54,+31.081, +2.030,+0.921
1693460340,+3.54,+31.064, +1.439,+0.920
1693461240,+3.54,+31.029, +1.260,+0.920
1693462140,+3.54,+30.994, +1.098,+0.919
1693463040,+3.54,+30.968, +1.698,+0.922
1693463940,+3.55,+30.968, +1.145,+0.919
1693464840,+3.55,+30.934, +1.455,+0.921
1693465740,+3.55,+30.942, +1.248,+0.920
1693466640,+3.54,+30.907, +1.268,+0.920
1693467540,+3.55,+30.907, +1.160,+0.920
1693468440,+3.54,+30.855, +1.176,+0.920
1693469340,+3.54,+30.864, +1.475,+0.921
1693470240,+3.54,+30.838, +1.080,+0.920
1693471140,+3.54,+30.821, +1.289,+0.921
1693472040,+3.54,+30.829, +1.444,+0.921
1693472940,+3.54,+30.777, +1.023,+0.919
1693473840,+3.54,+30.786, +1.074,+0.920
1693474740,+3.54,+30.751, +0.971,+0.919
1693475640,+3.54,+30.734, +1.254,+0.921
1693476540,+3.54,+30.717, +1.312,+0.921
1693477440,+3.54,+30.699, +1.256,+0.921
1693478340,+3.54,+30.665, +1.334,+0.922
1693479240,+3.54,+30.630, +1.321,+0.922
1693480140,+3.54,+30.604, +1.878,+0.923
1693481040,+3.54,+30.613, +2.502,+0.923
1693481940,+3.54,+30.639, +3.432,+0.922
1693482840,+3.54,+30.613, +3.979,+0.922
1693483740,+3.54,+30.587, +4.753,+0.921
1693484640,+3.54,+30.595, +5.337,+0.921
1693485540,+3.54,+30.656, +6.525,+0.920
1693486440,+3.54,+30.708, +6.022,+0.921
1693487340,+3.54,+30.743, +7.417,+0.920
1693488240,+3.54,+30.812, +8.378,+0.920
1693489140,+3.54,+30.890, +8.939,+0.920
1693490040,+3.54,+30.899, +8.104,+0.920
1693490940,+3.54,+30.890, +8.378,+0.921
1693491840,+3.54,+30.968, +8.823,+0.920
1693492740,+3.54,+30.968, +9.067,+0.919
1693493640,+3.54,+31.020, +8.550,+0.919
1693494540,+3.54,+30.986, +8.387,+0.920
1693495440,+3.54,+30.925, +8.043,+0.922
1693496340,+3.54,+30.916, +8.019,+0.922
1693497240,+3.54,+30.916, +7.902,+0.922
1693498140,+3.54,+30.907, +8.608,+0.922
1693499040,+3.54,+30.916, +8.401,+0.923
1693499940,+3.54,+30.951, +8.258,+0.923
1693500840,+3.54,+30.994, +7.885,+0.924
1693501740,+3.54,+31.029, +7.732,+0.923
1693502640,+3.54,+31.064, +7.748,+0.922
1693503540,+3.54,+31.073, +7.763,+0.923
1693504440,+3.54,+31.055, +8.447,+0.924
1693505340,+3.54,+31.116, +8.632,+0.924
1693506240,+3.54,+31.099, +8.839,+0.924
1693507140,+3.54,+31.081, +8.670,+0.924
1693508040,+3.54,+31.029, +7.752,+0.923
1693508940,+3.54,+31.038, +7.231,+0.924
1693509840,+3.54,+31.029, +7.174,+0.923
