7450-035196
OS REV: 1.05 Sensor Cal: 1660234958
Time (sec),  BV (Volts),  T (deg C),  DO (mg/l),  Q ()
1693161540,+3.54,+31.046, +8.345,+0.924
1693162440,+3.54,+31.046, +8.052,+0.924
1693163340,+3.54,+31.099, +8.042,+0.923
1693164240,+3.54,+31.116, +8.015,+0.923
1693165140,+3.54,+31.142, +8.303,+0.924
1693166040,+3.54,+31.133, +8.264,+0.922
1693166940,+3.54,+31.142, +8.296,+0.923
1693167840,+3.54,+31.186, +8.338,+0.923
1693168740,+3.54,+31.194, +8.162,+0.923
1693169640,+3.54,+31.255, +8.196,+0.923
1693170540,+3.54,+31.220, +8.257,+0.923
1693171440,+3.54,+31.247, +8.275,+0.923
1693172340,+3.54,+31.220, +8.391,+0.923
1693173240,+3.54,+31.229, +8.165,+0.923
1693174140,+3.54,+31.220, +7.945,+0.922
1693175040,+3.54,+31.212, +7.810,+0.922
1693175940,+3.54,+31.203, +7.650,+0.923
1693176840,+3.54,+31.177, +7.546,+0.922
1693177740,+3.54,+31.186, +7.482,+0.923
1693178640,+3.54,+31.151, +7.433,+0.922
1693179540,+3.54,+31.151, +7.387,+0.923
1693180440,+3.54,+31.177, +7.282,+0.923
1693181340,+3.54,+31.151, +7.243,+0.923
1693182240,+3.54,+31.133, +7.222,+0.922
1693183140,+3.54,+31.116, +7.504,+0.924
1693184040,+3.54,+31.133, +7.414,+0.923
1693184940,+3.54,+31.125, +7.331,+0.923
1693185840,+3.54,+31.116, +6.981,+0.922
1693186740,+3.54,+31.107, +7.022,+0.923
1693187640,+3.54,+31.099, +7.267,+0.923
1693188540,+3.54,+31.099, +7.199,+0.923
1693189440,+3.54,+31.099, +7.116,+0.922
1693190340,+3.54,+31.073, +7.068,+0.922
1693191240,+3.54,+31.073, +6.903,+0.923
1693192140,+3.54,+31.064, +6.915,+0.922
1693193040,+3.54,+31.038, +6.786,+0.923
1693193940,+3.54,+31.012, +6.714,+0.922
1693194840,+3.54,+31.012, +6.677,+0.923
1693195740,+3.54,+30.994, +6.569,+0.923
1693196640,+3.54,+30.994, +6.559,+0.922
1693197540,+3.54,+30.986, +6.489,+0.922
1693198440,+3.54,+30.951, +6.418,+0.923
1693199340,+3.54,+30.960, +6.442,+0.922
1693200240,+3.54,+30.934, +6.502,+0.923
1693201140,+3.54,+30.942, +6.435,+0.923
1693202040,+3.54,+30.916, +6.380,+0.923
1693202940,+3.54,+30.890, +6.376,+0.923
1693203840,+3.54,+30.890, +6.279,+0.922
1693204740,+3.54,+30.881, +6.292,+0.923
1693205640,+3.54,+30.864, +6.176,+0.922
1693206540,+3.54,+30.864, +6.094,+0.922
1693207440,+3.54,+30.847, +6.063,+0.922
1693208340,+3.54,+30.864, +5.951,+0.923
1693209240,+3.54,+30.838, +6.035,+0.923
1693210140,+3.54,+30.829, +5.979,+0.922
1693211040,+3.54,+30.821, +5.880,+0.922
1693211940,+3.54,+30.812, +5.797,+0.922
1693212840,+3.54,+30.803, +5.770,+0.922
1693213740,+3.54,+30.786, +5.664,+0.922
1693214640,+3.54,+30.760, +5.716,+0.922
1693215540,+3.54,+30.760, +5.694,+0.923
1693216440,+3.54,+30.743, +5.595,+0.922
1693217340,+3.54,+30.717, +5.519,+0.923
1693218240,+3.54,+30.708, +5.469,+0.923
1693219140,+3.54,+30.708, +5.456,+0.922
1693220040,+3.54,+30.708, +5.416,+0.922
1693220940,+3.54,+30.699, +5.509,+0.922
1693221840,+3.54,+30.665, +5.756,+0.923
1693222740,+3.54,+30.656, +5.645,+0.922
1693223640,+3.54,+30.665, +5.998,+0.922
1693224540,+3.54,+30.699, +6.237,+0.922
1693225440,+3.54,+30.699, +6.417,+0.922
1693226340,+3.54,+30.743, +6.582,+0.922
1693227240,+3.54,+30.751, +6.794,+0.921
1693228140,+3.54,+30.777, +6.934,+0.922
1693229040,+3.54,+30.803, +7.098,+0.922
1693229940,+3.54,+30.812, +7.202,+0.922
1693230840,+3.54,+30.847, +7.335,+0.922
1693231740,+3.54,+30.873, +7.449,+0.921
1693232640,+3.54,+30.899, +7.438,+0.922
1693233540,+3.54,+30.916, +7.651,+0.922
1693234440,+3.54,+30.934, +8.143,+0.922
1693235340,+3.54,+30.873, +8.019,+0.922
1693236240,+3.54,+30.907, +8.022,+0.923
1693237140,+3.54,+30.934, +7.843,+0.922
1693238040,+3.54,+30.977, +8.120,+0.923
1693238940,+3.54,+30.977, +8.247,+0.923
1693239840,+3.54,+30.977, +8.190,+0.923
1693240740,+3.54,+31.003, +8.273,+0.922
1693241640,+3.54,+30.994, +8.175,+0.924
1693242540,+3.54,+31.029, +8.342,+0.923
1693243440,+3.54,+31.020, +8.533,+0.924
1693244340,+3.54,+31.029, +8.616,+0.923
1693245240,+3.54,+31.046, +8.545,+0.924
1693246140,+3.54,+31.073, +8.560,+0.924
1693247040,+3.54,+31.081, +8.606,+0.923
1693247940,+3.54,+31.090, +8.615,+0.924
