7450-035196
OS REV: 1.05 Sensor Cal: 1660234958
Time (sec),  BV (Volts),  T (deg C),  DO (mg/l),  Q ()
1692550440,+3.54,+31.717, +6.980,+0.923
1692551340,+3.54,+31.726, +7.018,+0.923
1692552240,+3.54,+31.744, +7.104,+0.922
1692553140,+3.54,+31.787, +7.309,+0.923
1692554040,+3.54,+31.831, +7.328,+0.923
1692554940,+3.54,+31.884, +7.398,+0.922
1692555840,+3.54,+31.892, +7.527,+0.922
1692556740,+3.54,+31.866, +7.605,+0.922
1692557640,+3.54,+31.857, +7.466,+0.922
1692558540,+3.54,+31.875, +7.495,+0.923
1692559440,+3.54,+31.927, +7.665,+0.923
1692560340,+3.54,+31.866, +7.776,+0.923
1692561240,+3.54,+31.884, +7.725,+0.922
1692562140,+3.54,+31.892, +7.716,+0.922
1692563040,+3.54,+31.910, +7.678,+0.922
1692563940,+3.54,+31.884, +7.772,+0.923
1692564840,+3.54,+31.857, +7.808,+0.923
1692565740,+3.54,+31.831, +7.604,+0.923
1692566640,+3.54,+31.831, +7.405,+0.922
1692567540,+3.54,+31.779, +7.343,+0.922
1692568440,+3.54,+31.752, +7.182,+0.922
1692569340,+3.54,+31.735, +7.230,+0.923
1692570240,+3.54,+31.726, +7.132,+0.922
1692571140,+3.54,+31.656, +7.299,+0.923
1692572040,+3.54,+31.613, +7.208,+0.923
1692572940,+3.54,+31.604, +7.205,+0.923
1692573840,+3.54,+31.578, +7.056,+0.923
1692574740,+3.54,+31.543, +7.000,+0.924
1692575640,+3.54,+31.499, +6.832,+0.923
1692576540,+3.54,+31.447, +6.820,+0.923
1692577440,+3.54,+31.421, +6.881,+0.923
1692578340,+3.54,+31.395, +6.844,+0.923
1692579240,+3.54,+31.368, +6.791,+0.923
1692580140,+3.54,+31.334, +6.673,+0.923
1692581040,+3.54,+31.334, +6.606,+0.924
1692581940,+3.55,+31.290, +6.610,+0.924
1692582840,+3.55,+31.281, +6.492,+0.924
1692583740,+3.55,+31.238, +6.496,+0.923
1692584640,+3.55,+31.229, +6.404,+0.923
1692585540,+3.55,+31.203, +6.387,+0.923
1692586440,+3.55,+31.151, +6.565,+0.923
1692587340,+3.55,+31.107, +6.515,+0.923
1692588240,+3.55,+31.099, +6.457,+0.924
1692589140,+3.55,+31.073, +6.476,+0.923
1692590040,+3.55,+31.055, +6.037,+0.923
1692590940,+3.55,+31.064, +5.509,+0.923
1692591840,+3.55,+31.012, +5.388,+0.923
1692592740,+3.55,+30.986, +5.254,+0.923
1692593640,+3.55,+30.968, +5.039,+0.923
1692594540,+3.55,+30.925, +4.739,+0.923
1692595440,+3.55,+30.907, +4.616,+0.923
1692596340,+3.55,+30.899, +4.562,+0.923
1692597240,+3.55,+30.873, +4.649,+0.923
1692598140,+3.54,+30.829, +5.477,+0.923
1692599040,+3.54,+30.821, +4.497,+0.923
1692599940,+3.54,+30.769, +5.490,+0.923
1692600840,+3.54,+30.760, +4.386,+0.923
1692601740,+3.54,+30.682, +4.488,+0.923
1692602640,+3.54,+30.639, +4.586,+0.923
1692603540,+3.54,+30.630, +5.017,+0.924
1692604440,+3.54,+30.613, +4.916,+0.924
1692605340,+3.54,+30.552, +5.028,+0.923
1692606240,+3.54,+30.543, +5.012,+0.924
1692607140,+3.54,+30.535, +5.169,+0.924
1692608040,+3.54,+30.535, +5.061,+0.924
1692608940,+3.54,+30.543, +5.174,+0.924
1692609840,+3.54,+30.535, +4.453,+0.923
1692610740,+3.54,+30.517, +4.023,+0.923
1692611640,+3.54,+30.474, +3.800,+0.923
1692612540,+3.54,+30.361, +5.473,+0.924
1692613440,+3.55,+30.292, +5.844,+0.924
1692614340,+3.54,+30.301, +4.680,+0.924
1692615240,+3.54,+30.266, +4.977,+0.924
1692616140,+3.54,+30.284, +5.015,+0.924
1692617040,+3.54,+30.284, +5.263,+0.924
1692617940,+3.54,+30.275, +5.574,+0.925
1692618840,+3.54,+30.223, +5.898,+0.925
1692619740,+3.54,+30.232, +5.724,+0.924
1692620640,+3.54,+30.301, +5.095,+0.924
1692621540,+3.54,+30.310, +5.412,+0.924
1692622440,+3.54,+30.336, +5.046,+0.924
1692623340,+3.54,+30.327, +4.993,+0.923
1692624240,+3.54,+30.370, +5.928,+0.924
1692625140,+3.54,+30.405, +6.237,+0.924
1692626040,+3.54,+30.379, +6.502,+0.924
1692626940,+3.54,+30.387, +5.850,+0.924
1692627840,+3.54,+30.387, +6.027,+0.924
1692628740,+3.54,+30.370, +6.026,+0.924
1692629640,+3.54,+30.361, +6.444,+0.925
1692630540,+3.54,+30.387, +6.359,+0.924
1692631440,+3.54,+30.361, +6.502,+0.925
1692632340,+3.54,+30.396, +6.586,+0.925
1692633240,+3.54,+30.387, +6.712,+0.925
1692634140,+3.54,+30.258, +7.083,+0.925
1692635040,+3.54,+30.197, +6.743,+0.925
1692635940,+3.54,+30.197, +6.633,+0.925
1692636840,+3.54,+30.206, +6.722,+0.925
