7450-143429
OS REV: 1.05 Sensor Cal: 1660233334
Time (sec),  BV (Volts),  T (deg C),  DO (mg/l),  Q ()
1693073940,+3.53,+30.683, +7.282,+0.970
1693074840,+3.53,+30.778, +7.465,+0.971
1693075740,+3.53,+30.839, +7.483,+0.970
1693076640,+3.53,+30.857, +7.475,+0.970
1693077540,+3.53,+30.830, +8.065,+0.971
1693078440,+3.53,+30.822, +7.859,+0.970
1693079340,+3.53,+30.718, +8.472,+0.971
1693080240,+3.53,+30.709, +8.601,+0.972
1693081140,+3.53,+30.718, +8.361,+0.971
1693082040,+3.53,+30.709, +8.261,+0.970
1693082940,+3.53,+30.692, +8.235,+0.970
1693083840,+3.53,+30.692, +7.987,+0.971
1693084740,+3.53,+30.674, +7.854,+0.971
1693085640,+3.53,+30.726, +7.724,+0.971
1693086540,+3.53,+30.674, +7.655,+0.970
1693087440,+3.53,+30.657, +7.555,+0.970
1693088340,+3.53,+30.674, +7.420,+0.970
1693089240,+3.53,+30.674, +7.452,+0.970
1693090140,+3.53,+30.657, +7.430,+0.971
1693091040,+3.53,+30.657, +7.179,+0.970
1693091940,+3.53,+30.657, +7.007,+0.970
1693092840,+3.53,+30.640, +6.874,+0.970
1693093740,+3.53,+30.631, +6.776,+0.970
1693094640,+3.53,+30.631, +6.768,+0.970
1693095540,+3.53,+30.648, +6.571,+0.971
1693096440,+3.53,+30.622, +6.427,+0.971
1693097340,+3.53,+30.622, +6.368,+0.970
1693098240,+3.53,+30.622, +6.343,+0.970
1693099140,+3.53,+30.605, +6.187,+0.970
1693100040,+3.53,+30.605, +6.104,+0.970
1693100940,+3.53,+30.588, +5.891,+0.970
1693101840,+3.53,+30.588, +5.973,+0.970
1693102740,+3.53,+30.605, +5.822,+0.970
1693103640,+3.53,+30.588, +5.644,+0.970
1693104540,+3.53,+30.596, +5.472,+0.970
1693105440,+3.53,+30.527, +5.955,+0.970
1693106340,+3.53,+30.492, +5.953,+0.970
1693107240,+3.53,+30.475, +5.959,+0.970
1693108140,+3.53,+30.466, +5.708,+0.970
1693109040,+3.53,+30.492, +5.579,+0.970
1693109940,+3.53,+30.475, +5.666,+0.970
1693110840,+3.53,+30.492, +5.557,+0.970
1693111740,+3.53,+30.406, +5.127,+0.971
1693112640,+3.53,+30.319, +5.178,+0.971
1693113540,+3.53,+30.267, +5.426,+0.970
1693114440,+3.53,+30.241, +5.292,+0.971
1693115340,+3.53,+30.216, +5.555,+0.970
1693116240,+3.53,+30.216, +5.362,+0.970
1693117140,+3.53,+30.181, +4.896,+0.971
1693118040,+3.53,+30.146, +4.796,+0.971
1693118940,+3.53,+30.138, +4.852,+0.971
1693119840,+3.53,+30.172, +4.952,+0.971
1693120740,+3.53,+30.146, +4.918,+0.970
1693121640,+3.53,+30.138, +4.900,+0.971
1693122540,+3.53,+30.146, +4.910,+0.971
1693123440,+3.53,+30.120, +4.852,+0.970
1693124340,+3.53,+30.120, +4.803,+0.970
1693125240,+3.53,+30.103, +4.709,+0.971
1693126140,+3.53,+30.146, +4.278,+0.971
1693127040,+3.53,+30.190, +4.260,+0.971
1693127940,+3.53,+30.172, +3.916,+0.971
1693128840,+3.53,+30.224, +3.880,+0.971
1693129740,+3.53,+30.181, +3.811,+0.971
1693130640,+3.53,+30.146, +3.827,+0.971
1693131540,+3.53,+30.164, +3.813,+0.972
1693132440,+3.53,+30.077, +3.812,+0.971
1693133340,+3.53,+30.224, +3.921,+0.971
1693134240,+3.53,+30.241, +4.123,+0.971
1693135140,+3.53,+30.267, +4.726,+0.971
1693136040,+3.53,+30.285, +4.758,+0.971
1693136940,+3.53,+30.319, +4.536,+0.970
1693137840,+3.53,+30.354, +4.968,+0.970
1693138740,+3.53,+30.432, +5.327,+0.970
1693139640,+3.53,+30.388, +4.834,+0.970
1693140540,+3.53,+30.449, +4.651,+0.971
1693141440,+3.53,+30.475, +5.174,+0.970
1693142340,+3.53,+30.484, +5.060,+0.970
1693143240,+3.53,+30.484, +5.108,+0.970
1693144140,+3.53,+30.484, +5.213,+0.970
1693145040,+3.53,+30.510, +5.256,+0.970
1693145940,+3.53,+30.536, +5.700,+0.970
1693146840,+3.53,+30.553, +6.126,+0.970
1693147740,+3.53,+30.553, +6.221,+0.970
1693148640,+3.53,+30.579, +6.502,+0.971
1693149540,+3.53,+30.614, +6.648,+0.970
1693150440,+3.53,+30.640, +6.707,+0.970
1693151340,+3.53,+30.640, +6.902,+0.971
1693152240,+3.53,+30.666, +6.895,+0.970
1693153140,+3.53,+30.709, +7.107,+0.970
1693154040,+3.53,+30.752, +7.356,+0.971
1693154940,+3.53,+30.770, +7.338,+0.970
1693155840,+3.53,+30.822, +7.463,+0.970
1693156740,+3.53,+30.883, +7.665,+0.971
1693157640,+3.53,+30.909, +7.645,+0.970
1693158540,+3.53,+30.935, +7.631,+0.970
1693159440,+3.53,+30.995, +7.676,+0.970
1693160340,+3.53,+31.013, +7.810,+0.971
