7450-143429
OS REV: 1.05 Sensor Cal: 1660233334
Time (sec),  BV (Volts),  T (deg C),  DO (mg/l),  Q ()
1695605640,+3.53,+31.727, +6.367,+0.966
1695606540,+3.53,+31.718, +6.247,+0.967
1695607440,+3.53,+31.718, +6.272,+0.967
1695608340,+3.53,+31.710, +6.340,+0.967
1695609240,+3.53,+31.675, +6.516,+0.966
1695610140,+3.53,+31.675, +6.177,+0.966
1695611040,+3.53,+31.666, +6.167,+0.966
1695611940,+3.53,+31.622, +6.269,+0.967
1695612840,+3.53,+31.622, +5.916,+0.966
1695613740,+3.53,+31.622, +5.855,+0.967
1695614640,+3.53,+31.614, +5.947,+0.967
1695615540,+3.53,+31.596, +5.809,+0.967
1695616440,+3.53,+31.588, +5.490,+0.966
1695617340,+3.53,+31.570, +5.417,+0.966
1695618240,+3.53,+31.553, +5.357,+0.967
1695619140,+3.53,+31.561, +4.865,+0.967
1695620040,+3.53,+31.518, +4.916,+0.967
1695620940,+3.53,+31.509, +4.981,+0.967
1695621840,+3.53,+31.483, +4.881,+0.967
1695622740,+3.53,+31.483, +4.557,+0.967
1695623640,+3.53,+31.439, +4.216,+0.967
1695624540,+3.53,+31.439, +4.357,+0.967
1695625440,+3.53,+31.413, +4.246,+0.967
1695626340,+3.53,+31.404, +4.585,+0.967
1695627240,+3.53,+31.361, +4.436,+0.966
1695628140,+3.53,+31.317, +3.810,+0.968
1695629040,+3.53,+31.239, +4.237,+0.967
1695629940,+3.53,+31.213, +4.585,+0.967
1695630840,+3.53,+31.117, +4.964,+0.967
1695631740,+3.53,+31.100, +4.995,+0.967
1695632640,+3.53,+31.065, +4.993,+0.967
1695633540,+3.53,+31.074, +5.142,+0.967
1695634440,+3.53,+31.100, +5.441,+0.967
1695635340,+3.53,+31.074, +5.127,+0.967
1695636240,+3.53,+31.091, +5.061,+0.967
1695637140,+3.53,+31.117, +5.084,+0.967
1695638040,+3.53,+31.056, +4.812,+0.967
1695638940,+3.53,+31.065, +5.140,+0.967
1695639840,+3.53,+31.074, +6.335,+0.967
1695640740,+3.53,+31.074, +6.136,+0.967
1695641640,+3.53,+31.117, +7.100,+0.967
1695642540,+3.53,+31.117, +7.817,+0.967
1695643440,+3.53,+31.100, +7.543,+0.967
1695644340,+3.53,+31.195, +8.981,+0.968
1695645240,+3.53,+31.222, +9.667,+0.967
1695646140,+3.53,+31.265,+10.313,+0.966
1695647040,+3.53,+31.335,+11.125,+0.966
1695647940,+3.53,+31.404,+12.103,+0.968
1695648840,+3.53,+31.483,+12.056,+0.968
1695649740,+3.53,+31.483,+12.076,+0.967
1695650640,+3.53,+31.579,+12.554,+0.968
1695651540,+3.53,+31.622,+12.675,+0.968
1695652440,+3.53,+31.622,+12.465,+0.967
1695653340,+3.53,+31.614,+12.168,+0.967
1695654240,+3.53,+31.544,+10.686,+0.967
1695655140,+3.53,+31.579,+11.264,+0.967
1695656040,+3.53,+31.579,+10.873,+0.967
1695656940,+3.53,+31.622,+10.581,+0.966
1695657840,+3.53,+31.666, +9.954,+0.966
1695658740,+3.53,+31.710, +9.668,+0.968
1695659640,+3.53,+31.736, +9.186,+0.967
1695660540,+3.53,+31.780, +9.100,+0.967
1695661440,+3.53,+31.832, +8.985,+0.966
1695662340,+3.53,+31.893, +9.143,+0.967
1695663240,+3.53,+31.963, +9.496,+0.967
1695664140,+3.53,+31.928, +9.814,+0.966
1695665040,+3.53,+31.937, +9.497,+0.967
1695665940,+3.53,+31.919, +9.553,+0.967
1695666840,+3.53,+31.867, +9.491,+0.966
1695667740,+3.53,+31.858, +8.411,+0.967
1695668640,+3.53,+31.858, +7.878,+0.967
1695669540,+3.53,+31.849, +7.437,+0.967
1695670440,+3.53,+31.849, +7.284,+0.967
1695671340,+3.53,+31.832, +7.494,+0.967
1695672240,+3.53,+31.815, +7.375,+0.967
1695673140,+3.53,+31.797, +7.186,+0.967
1695674040,+3.53,+31.788, +7.271,+0.967
1695674940,+3.53,+31.788, +6.984,+0.966
1695675840,+3.53,+31.797, +6.850,+0.966
1695676740,+3.53,+31.832, +7.006,+0.967
1695677640,+3.53,+31.806, +6.892,+0.967
1695678540,+3.53,+31.780, +6.603,+0.967
1695679440,+3.53,+31.701, +6.492,+0.966
1695680340,+3.53,+31.701, +6.477,+0.966
1695681240,+3.53,+31.684, +6.401,+0.966
1695682140,+3.53,+31.692, +6.448,+0.966
1695683040,+3.53,+31.657, +6.293,+0.967
1695683940,+3.53,+31.631, +6.214,+0.966
1695684840,+3.53,+31.622, +6.153,+0.967
1695685740,+3.53,+31.631, +6.170,+0.966
1695686640,+3.53,+31.631, +6.258,+0.967
1695687540,+3.53,+31.614, +6.108,+0.967
1695688440,+3.53,+31.622, +5.922,+0.966
1695689340,+3.53,+31.596, +5.858,+0.967
1695690240,+3.53,+31.596, +5.855,+0.966
1695691140,+3.53,+31.579, +5.741,+0.966
1695692040,+3.53,+31.553, +5.731,+0.966
