7450-103873
OS REV: 1.05 Sensor Cal: 1665596969
Time (sec),  BV (Volts),  T (deg C),  DO (mg/l),  Q ()
1712527620,+3.52,+30.115, +7.950,+0.944
1712528520,+3.52,+30.098, +7.672,+0.944
1712529420,+3.52,+30.115, +7.523,+0.944
1712530320,+3.52,+30.106, +7.519,+0.944
1712531220,+3.52,+30.098, +7.470,+0.945
1712532120,+3.52,+30.089, +7.014,+0.943
1712533020,+3.52,+30.089, +6.876,+0.944
1712533920,+3.52,+30.123, +7.092,+0.943
1712534820,+3.52,+30.132, +6.916,+0.943
1712535720,+3.52,+30.141, +6.653,+0.943
1712536620,+3.52,+30.098, +6.600,+0.943
1712537520,+3.52,+30.089, +6.165,+0.943
1712538420,+3.52,+30.080, +6.013,+0.943
1712539320,+3.52,+30.054, +6.009,+0.943
1712540220,+3.52,+30.037, +6.186,+0.943
1712541120,+3.52,+30.046, +5.802,+0.943
1712542020,+3.52,+30.054, +5.723,+0.943
1712542920,+3.52,+30.028, +5.645,+0.942
1712543820,+3.52,+30.020, +5.418,+0.943
1712544720,+3.52,+30.003, +5.451,+0.943
1712545620,+3.52,+30.003, +5.402,+0.943
1712546520,+3.52,+29.985, +5.340,+0.942
1712547420,+3.52,+29.994, +5.785,+0.943
1712548320,+3.52,+30.011, +5.505,+0.942
1712549220,+3.52,+29.985, +5.399,+0.942
1712550120,+3.52,+29.994, +5.255,+0.943
1712551020,+3.52,+29.977, +5.142,+0.942
1712551920,+3.52,+29.985, +5.089,+0.942
1712552820,+3.52,+29.968, +5.022,+0.942
1712553720,+3.52,+29.985, +5.039,+0.942
1712554620,+3.52,+29.968, +4.918,+0.942
1712555520,+3.52,+29.959, +4.914,+0.942
1712556420,+3.52,+29.959, +4.931,+0.942
1712557320,+3.52,+29.951, +4.915,+0.942
1712558220,+3.52,+29.942, +4.807,+0.942
1712559120,+3.52,+29.933, +4.694,+0.942
1712560020,+3.52,+29.916, +4.605,+0.942
1712560920,+3.52,+29.908, +4.674,+0.942
1712561820,+3.52,+29.882, +4.943,+0.943
1712562720,+3.52,+29.890, +4.681,+0.942
1712563620,+3.52,+29.890, +4.314,+0.942
1712564520,+3.52,+29.864, +3.789,+0.943
1712565420,+3.52,+29.856, +3.689,+0.942
1712566320,+3.52,+29.839, +3.452,+0.942
1712567220,+3.52,+29.813, +3.579,+0.941
1712568120,+3.52,+29.804, +3.438,+0.942
1712569020,+3.52,+29.761, +3.389,+0.943
1712569920,+3.52,+29.727, +3.443,+0.942
1712570820,+3.52,+29.727, +3.121,+0.943
1712571720,+3.51,+29.718, +3.191,+0.942
1712572620,+3.51,+29.718, +3.230,+0.942
1712573520,+3.51,+29.701, +3.733,+0.942
1712574420,+3.51,+29.709, +4.455,+0.943
1712575320,+3.51,+29.727, +5.344,+0.944
1712576220,+3.52,+29.744, +6.852,+0.944
1712577120,+3.52,+29.795, +9.024,+0.944
1712578020,+3.52,+29.839,+10.235,+0.945
1712578920,+3.52,+29.864,+11.643,+0.943
1712579820,+3.52,+29.864,+12.248,+0.943
1712580720,+3.52,+29.890,+14.326,+0.943
1712581620,+3.52,+29.925,+15.134,+0.944
1712582520,+3.52,+29.899,+14.677,+0.943
1712583420,+3.52,+29.908,+13.618,+0.941
1712584320,+3.52,+29.951,+13.708,+0.941
1712585220,+3.52,+29.977,+13.937,+0.940
1712586120,+3.52,+29.994,+13.831,+0.940
1712587020,+3.52,+29.985,+13.287,+0.940
1712587920,+3.52,+30.089,+14.453,+0.942
1712588820,+3.52,+30.123,+13.466,+0.940
1712589720,+3.52,+30.123,+11.608,+0.942
1712590620,+3.52,+30.167,+11.092,+0.944
1712591520,+3.52,+30.184,+10.324,+0.943
1712592420,+3.52,+30.279, +9.902,+0.944
1712593320,+3.52,+30.374,+10.833,+0.945
1712594220,+3.52,+30.418,+10.718,+0.945
1712595120,+3.52,+30.469,+10.467,+0.944
1712596020,+3.51,+30.539,+10.587,+0.945
1712596920,+3.51,+30.565, +9.884,+0.945
1712597820,+3.51,+30.599,+10.483,+0.945
1712598720,+3.51,+30.573,+10.980,+0.945
1712599620,+3.51,+30.565,+10.644,+0.945
1712600520,+3.52,+30.547,+10.108,+0.945
1712601420,+3.51,+30.582,+10.261,+0.945
1712602320,+3.51,+30.608, +9.763,+0.945
1712603220,+3.51,+30.599, +8.875,+0.945
1712604120,+3.51,+30.677, +9.249,+0.945
1712605020,+3.51,+30.591, +8.916,+0.945
1712605920,+3.51,+30.556, +9.287,+0.945
1712606820,+3.51,+30.591, +8.921,+0.944
1712607720,+3.51,+30.599, +9.088,+0.945
1712608620,+3.51,+30.660, +8.621,+0.944
1712609520,+3.51,+30.599, +8.113,+0.945
1712610420,+3.52,+30.521, +8.346,+0.944
1712611320,+3.52,+30.469, +8.578,+0.945
1712612220,+3.52,+30.461, +8.486,+0.945
1712613120,+3.52,+30.426, +7.971,+0.945
1712614020,+3.52,+30.426, +7.721,+0.944
