7450-103873
OS REV: 1.05 Sensor Cal: 1665596969
Time (sec),  BV (Volts),  T (deg C),  DO (mg/l),  Q ()
1711392720,+3.51,+29.296, +8.559,+0.945
1711393620,+3.51,+29.305, +8.676,+0.945
1711394520,+3.51,+29.305, +8.908,+0.946
1711395420,+3.51,+29.262, +8.977,+0.945
1711396320,+3.51,+29.262, +9.012,+0.945
1711397220,+3.51,+29.288, +8.986,+0.946
1711398120,+3.51,+29.270, +9.070,+0.946
1711399020,+3.51,+29.305, +8.894,+0.945
1711399920,+3.51,+29.356, +8.809,+0.945
1711400820,+3.51,+29.417, +9.030,+0.946
1711401720,+3.51,+29.451, +9.169,+0.945
1711402620,+3.51,+29.503, +9.070,+0.945
1711403520,+3.51,+29.503, +8.814,+0.945
1711404420,+3.51,+29.563, +8.781,+0.945
1711405320,+3.51,+29.520, +8.773,+0.945
1711406220,+3.51,+29.537, +8.538,+0.946
1711407120,+3.51,+29.511, +8.337,+0.946
1711408020,+3.51,+29.425, +8.287,+0.945
1711408920,+3.51,+29.408, +8.159,+0.945
1711409820,+3.51,+29.305, +8.114,+0.945
1711410720,+3.52,+29.236, +7.691,+0.945
1711411620,+3.52,+29.236, +7.516,+0.945
1711412520,+3.52,+29.219, +7.490,+0.945
1711413420,+3.52,+29.219, +7.343,+0.945
1711414320,+3.52,+29.219, +7.228,+0.945
1711415220,+3.52,+29.202, +7.210,+0.944
1711416120,+3.52,+29.193, +7.160,+0.944
1711417020,+3.52,+29.184, +6.971,+0.945
1711417920,+3.52,+29.167, +6.906,+0.945
1711418820,+3.52,+29.150, +6.860,+0.945
1711419720,+3.52,+29.133, +6.825,+0.945
1711420620,+3.52,+29.124, +6.806,+0.944
1711421520,+3.52,+29.133, +6.864,+0.945
1711422420,+3.52,+29.133, +6.684,+0.944
1711423320,+3.52,+29.116, +6.494,+0.945
1711424220,+3.52,+29.107, +6.527,+0.945
1711425120,+3.52,+29.099, +6.552,+0.944
1711426020,+3.52,+29.107, +6.525,+0.945
1711426920,+3.52,+29.081, +6.460,+0.944
1711427820,+3.52,+29.073, +6.401,+0.944
1711428720,+3.52,+29.064, +6.279,+0.944
1711429620,+3.52,+29.073, +6.242,+0.945
1711430520,+3.52,+29.039, +5.977,+0.945
1711431420,+3.52,+29.039, +5.854,+0.944
1711432320,+3.52,+29.030, +5.954,+0.944
1711433220,+3.52,+29.013, +5.646,+0.944
1711434120,+3.52,+29.004, +5.653,+0.943
1711435020,+3.52,+28.970, +5.675,+0.945
1711435920,+3.52,+28.953, +5.575,+0.944
1711436820,+3.52,+28.944, +5.431,+0.944
1711437720,+3.52,+28.970, +5.732,+0.944
1711438620,+3.52,+28.953, +5.494,+0.943
1711439520,+3.52,+28.901, +5.452,+0.944
1711440420,+3.52,+28.953, +5.407,+0.944
1711441320,+3.52,+28.927, +5.624,+0.944
1711442220,+3.52,+28.910, +5.948,+0.944
1711443120,+3.52,+28.901, +5.730,+0.944
1711444020,+3.52,+28.884, +5.598,+0.944
1711444920,+3.52,+28.858, +5.399,+0.944
1711445820,+3.52,+28.833, +5.596,+0.944
1711446720,+3.52,+28.798, +5.582,+0.944
1711447620,+3.52,+28.833, +5.943,+0.944
1711448520,+3.52,+28.781, +5.543,+0.944
1711449420,+3.52,+28.756, +5.585,+0.944
1711450320,+3.52,+28.721, +5.596,+0.944
1711451220,+3.52,+28.721, +5.777,+0.944
1711452120,+3.52,+28.721, +6.003,+0.944
1711453020,+3.52,+28.721, +6.291,+0.944
1711453920,+3.52,+28.773, +7.659,+0.944
1711454820,+3.52,+28.756, +7.442,+0.944
1711455720,+3.52,+28.773, +8.487,+0.943
1711456620,+3.52,+28.773, +8.582,+0.943
1711457520,+3.52,+28.807, +8.847,+0.943
1711458420,+3.52,+28.816, +9.364,+0.942
1711459320,+3.52,+28.850, +8.737,+0.942
1711460220,+3.52,+28.893, +8.369,+0.942
1711461120,+3.52,+28.996, +9.515,+0.941
1711462020,+3.52,+29.064, +9.301,+0.939
1711462920,+3.52,+29.176,+10.027,+0.938
1711463820,+3.52,+29.210, +9.746,+0.941
1711464720,+3.52,+29.124, +7.494,+0.943
1711465620,+3.52,+29.184, +8.041,+0.943
1711466520,+3.52,+29.253, +8.381,+0.943
1711467420,+3.52,+29.202, +7.352,+0.944
1711468320,+3.52,+29.210, +7.334,+0.945
1711469220,+3.52,+29.262, +7.496,+0.945
1711470120,+3.51,+29.365, +9.568,+0.942
1711471020,+3.51,+29.322, +8.689,+0.944
1711471920,+3.52,+29.296, +8.141,+0.944
1711472820,+3.51,+29.339, +8.626,+0.944
1711473720,+3.51,+29.339, +8.851,+0.944
1711474620,+3.51,+29.356, +8.435,+0.944
1711475520,+3.51,+29.356, +8.292,+0.945
1711476420,+3.51,+29.399, +9.018,+0.945
1711477320,+3.51,+29.374, +8.534,+0.945
1711478220,+3.51,+29.391, +8.543,+0.944
1711479120,+3.51,+29.408, +8.586,+0.945
