7450-103873
OS REV: 1.05 Sensor Cal: 1665596969
Time (sec),  BV (Volts),  T (deg C),  DO (mg/l),  Q ()
1712003820,+3.51,+28.884, +8.450,+0.946
1712004720,+3.51,+28.893, +8.215,+0.945
1712005620,+3.51,+28.910, +8.443,+0.946
1712006520,+3.51,+28.936, +8.339,+0.945
1712007420,+3.51,+28.953, +7.952,+0.945
1712008320,+3.51,+28.961, +7.696,+0.945
1712009220,+3.51,+28.970, +7.650,+0.944
1712010120,+3.51,+28.936, +7.654,+0.945
1712011020,+3.51,+28.936, +7.380,+0.945
1712011920,+3.51,+28.910, +7.343,+0.945
1712012820,+3.52,+28.893, +7.020,+0.945
1712013720,+3.52,+28.901, +6.831,+0.943
1712014620,+3.52,+28.884, +6.790,+0.944
1712015520,+3.51,+28.884, +6.660,+0.944
1712016420,+3.52,+28.867, +6.742,+0.944
1712017320,+3.52,+28.850, +6.832,+0.944
1712018220,+3.52,+28.850, +6.560,+0.944
1712019120,+3.52,+28.816, +6.420,+0.944
1712020020,+3.52,+28.816, +6.234,+0.944
1712020920,+3.52,+28.816, +6.129,+0.944
1712021820,+3.52,+28.807, +6.089,+0.944
1712022720,+3.52,+28.781, +5.910,+0.944
1712023620,+3.52,+28.781, +5.922,+0.943
1712024520,+3.52,+28.738, +5.811,+0.943
1712025420,+3.52,+28.730, +5.776,+0.943
1712026320,+3.52,+28.713, +5.773,+0.943
1712027220,+3.52,+28.721, +5.655,+0.943
1712028120,+3.52,+28.687, +5.531,+0.943
1712029020,+3.51,+28.687, +5.638,+0.943
1712029920,+3.51,+28.644, +5.655,+0.943
1712030820,+3.51,+28.619, +5.766,+0.943
1712031720,+3.51,+28.619, +5.640,+0.943
1712032620,+3.51,+28.619, +5.518,+0.944
1712033520,+3.51,+28.593, +5.308,+0.943
1712034420,+3.51,+28.567, +5.087,+0.943
1712035320,+3.51,+28.516, +4.821,+0.942
1712036220,+3.51,+28.490, +4.909,+0.943
1712037120,+3.51,+28.490, +4.920,+0.943
1712038020,+3.51,+28.447, +4.888,+0.943
1712038920,+3.51,+28.439, +4.715,+0.943
1712039820,+3.51,+28.422, +4.803,+0.943
1712040720,+3.51,+28.413, +4.967,+0.943
1712041620,+3.51,+28.405, +4.878,+0.943
1712042520,+3.51,+28.396, +4.962,+0.943
1712043420,+3.51,+28.362, +4.745,+0.943
1712044320,+3.51,+28.370, +4.772,+0.943
1712045220,+3.51,+28.311, +4.412,+0.943
1712046120,+3.51,+28.302, +4.217,+0.943
1712047020,+3.51,+28.311, +3.936,+0.943
1712047920,+3.51,+28.285, +3.649,+0.943
1712048820,+3.51,+28.268, +3.766,+0.943
1712049720,+3.51,+28.217, +3.968,+0.943
1712050620,+3.51,+28.174, +4.857,+0.943
1712051520,+3.51,+28.140, +4.854,+0.943
1712052420,+3.51,+28.123, +4.776,+0.944
1712053320,+3.51,+28.089, +4.597,+0.943
1712054220,+3.52,+28.055, +4.936,+0.943
1712055120,+3.51,+28.055, +5.234,+0.944
1712056020,+3.52,+28.012, +5.349,+0.943
1712056920,+3.52,+28.003, +6.075,+0.944
1712057820,+3.52,+28.029, +7.617,+0.945
1712058720,+3.52,+28.012, +9.664,+0.945
1712059620,+3.51,+28.037,+11.040,+0.946
1712060520,+3.51,+28.063,+11.894,+0.945
1712061420,+3.51,+28.123,+12.388,+0.945
1712062320,+3.51,+28.200,+13.484,+0.945
1712063220,+3.51,+28.234,+12.364,+0.944
1712064120,+3.51,+28.259,+11.844,+0.945
1712065020,+3.51,+28.302,+12.542,+0.946
1712065920,+3.51,+28.379,+12.663,+0.946
1712066820,+3.51,+28.482,+13.266,+0.945
1712067720,+3.51,+28.499,+13.402,+0.944
1712068620,+3.51,+28.550,+12.586,+0.943
1712069520,+3.51,+28.567,+13.138,+0.942
1712070420,+3.51,+28.610,+11.375,+0.942
1712071320,+3.51,+28.653,+10.170,+0.943
1712072220,+3.51,+28.670, +9.717,+0.944
1712073120,+3.52,+28.730, +8.989,+0.945
1712074020,+3.52,+28.824, +8.830,+0.945
1712074920,+3.52,+28.893, +8.606,+0.945
1712075820,+3.52,+28.927, +8.610,+0.945
1712076720,+3.52,+28.953, +8.427,+0.946
1712077620,+3.52,+29.004, +8.556,+0.945
1712078520,+3.51,+29.056, +8.621,+0.945
1712079420,+3.51,+29.090, +8.461,+0.946
1712080320,+3.51,+29.142, +8.505,+0.946
1712081220,+3.51,+29.193, +8.803,+0.945
1712082120,+3.51,+29.193, +8.997,+0.945
1712083020,+3.51,+29.210, +9.092,+0.945
1712083920,+3.51,+29.219, +9.008,+0.945
1712084820,+3.51,+29.227, +8.951,+0.946
1712085720,+3.51,+29.270, +8.788,+0.945
1712086620,+3.51,+29.305, +8.828,+0.946
1712087520,+3.51,+29.202, +9.103,+0.945
1712088420,+3.51,+29.081, +9.245,+0.945
1712089320,+3.51,+29.056, +9.134,+0.946
1712090220,+3.51,+29.073, +8.750,+0.946
