7450-103873
OS REV: 1.05 Sensor Cal: 1665596969
Time (sec),  BV (Volts),  T (deg C),  DO (mg/l),  Q ()
1710083220,+3.51,+28.499, +7.077,+0.945
1710084120,+3.51,+28.533, +7.304,+0.945
1710085020,+3.51,+28.593, +7.547,+0.945
1710085920,+3.51,+28.644, +7.738,+0.946
1710086820,+3.52,+28.713, +7.929,+0.946
1710087720,+3.52,+28.773, +8.019,+0.946
1710088620,+3.52,+28.807, +7.950,+0.945
1710089520,+3.52,+28.816, +8.046,+0.946
1710090420,+3.52,+28.833, +8.077,+0.946
1710091320,+3.52,+28.824, +8.166,+0.946
1710092220,+3.52,+28.858, +8.190,+0.946
1710093120,+3.52,+28.790, +8.550,+0.946
1710094020,+3.52,+28.756, +8.594,+0.947
1710094920,+3.52,+28.764, +8.713,+0.947
1710095820,+3.52,+28.773, +8.853,+0.946
1710096720,+3.52,+28.807, +8.705,+0.945
1710097620,+3.52,+28.850, +8.791,+0.946
1710098520,+3.52,+28.893, +8.879,+0.945
1710099420,+3.52,+28.927, +9.051,+0.947
1710100320,+3.52,+28.953, +9.254,+0.947
1710101220,+3.52,+28.961, +9.379,+0.946
1710102120,+3.52,+28.953, +9.271,+0.946
1710103020,+3.52,+28.970, +9.212,+0.946
1710103920,+3.52,+28.987, +9.008,+0.945
1710104820,+3.52,+28.996, +8.967,+0.946
1710105720,+3.52,+28.987, +8.995,+0.946
1710106620,+3.52,+28.987, +8.882,+0.946
1710107520,+3.52,+28.970, +8.604,+0.946
1710108420,+3.52,+28.987, +8.425,+0.946
1710109320,+3.52,+28.961, +8.462,+0.946
1710110220,+3.52,+28.970, +8.355,+0.945
1710111120,+3.52,+28.987, +8.078,+0.946
1710112020,+3.52,+28.953, +8.184,+0.945
1710112920,+3.52,+28.970, +8.175,+0.947
1710113820,+3.52,+28.953, +7.956,+0.946
1710114720,+3.52,+28.936, +7.967,+0.946
1710115620,+3.52,+28.927, +7.921,+0.946
1710116520,+3.52,+28.884, +7.782,+0.945
1710117420,+3.52,+28.884, +7.746,+0.946
1710118320,+3.52,+28.876, +7.618,+0.945
1710119220,+3.52,+28.858, +7.662,+0.946
1710120120,+3.52,+28.850, +7.598,+0.945
1710121020,+3.52,+28.850, +7.541,+0.946
1710121920,+3.52,+28.824, +7.361,+0.946
1710122820,+3.52,+28.824, +7.407,+0.945
1710123720,+3.52,+28.824, +7.305,+0.945
1710124620,+3.52,+28.816, +7.325,+0.946
1710125520,+3.52,+28.798, +7.225,+0.945
1710126420,+3.52,+28.816, +7.221,+0.946
1710127320,+3.52,+28.790, +7.086,+0.945
1710128220,+3.52,+28.781, +7.133,+0.945
1710129120,+3.52,+28.781, +7.123,+0.945
1710130020,+3.52,+28.773, +6.731,+0.945
1710130920,+3.52,+28.764, +6.648,+0.946
1710131820,+3.52,+28.764, +6.681,+0.945
1710132720,+3.52,+28.747, +6.591,+0.945
1710133620,+3.52,+28.687, +6.834,+0.945
1710134520,+3.52,+28.678, +6.748,+0.945
1710135420,+3.52,+28.653, +6.644,+0.946
1710136320,+3.52,+28.653, +6.601,+0.945
1710137220,+3.52,+28.627, +6.591,+0.945
1710138120,+3.52,+28.636, +6.546,+0.945
1710139020,+3.52,+28.619, +6.520,+0.945
1710139920,+3.51,+28.610, +6.557,+0.945
1710140820,+3.51,+28.601, +6.494,+0.945
1710141720,+3.51,+28.593, +6.420,+0.945
1710142620,+3.51,+28.567, +6.455,+0.945
1710143520,+3.51,+28.567, +6.432,+0.945
1710144420,+3.51,+28.542, +6.448,+0.945
1710145320,+3.51,+28.542, +6.276,+0.945
1710146220,+3.51,+28.533, +6.253,+0.944
1710147120,+3.51,+28.516, +6.327,+0.945
1710148020,+3.51,+28.507, +6.213,+0.945
1710148920,+3.51,+28.507, +5.962,+0.945
1710149820,+3.51,+28.499, +6.120,+0.944
1710150720,+3.51,+28.473, +6.260,+0.945
1710151620,+3.51,+28.465, +6.050,+0.945
1710152520,+3.51,+28.482, +6.091,+0.945
1710153420,+3.51,+28.465, +6.035,+0.945
1710154320,+3.51,+28.447, +5.969,+0.944
1710155220,+3.51,+28.422, +5.979,+0.945
1710156120,+3.51,+28.405, +5.816,+0.944
1710157020,+3.51,+28.413, +5.640,+0.944
1710157920,+3.51,+28.396, +5.654,+0.944
1710158820,+3.51,+28.405, +5.658,+0.944
1710159720,+3.51,+28.439, +5.699,+0.944
1710160620,+3.51,+28.447, +5.712,+0.945
1710161520,+3.51,+28.490, +6.017,+0.945
1710162420,+3.51,+28.499, +6.142,+0.944
1710163320,+3.51,+28.507, +6.161,+0.944
1710164220,+3.51,+28.559, +6.049,+0.944
1710165120,+3.51,+28.559, +6.149,+0.945
1710166020,+3.51,+28.584, +6.136,+0.944
1710166920,+3.52,+28.670, +6.427,+0.945
1710167820,+3.52,+28.696, +6.312,+0.945
1710168720,+3.52,+28.670, +6.181,+0.944
1710169620,+3.52,+28.713, +6.392,+0.945
