7450-103873
OS REV: 1.05 Sensor Cal: 1665596969
Time (sec),  BV (Volts),  T (deg C),  DO (mg/l),  Q ()
1711218120,+3.52,+28.841, +8.937,+0.946
1711219020,+3.52,+28.841, +8.846,+0.946
1711219920,+3.52,+28.858, +8.748,+0.946
1711220820,+3.52,+28.876, +8.806,+0.946
1711221720,+3.52,+28.953, +8.870,+0.946
1711222620,+3.52,+28.987, +8.718,+0.946
1711223520,+3.52,+28.996, +8.750,+0.946
1711224420,+3.52,+29.039, +8.770,+0.946
1711225320,+3.52,+29.064, +8.714,+0.945
1711226220,+3.52,+29.047, +8.828,+0.945
1711227120,+3.52,+29.099, +8.743,+0.946
1711228020,+3.52,+29.073, +8.702,+0.945
1711228920,+3.52,+29.107, +8.657,+0.946
1711229820,+3.52,+29.133, +8.449,+0.945
1711230720,+3.52,+29.124, +8.314,+0.945
1711231620,+3.52,+29.099, +8.419,+0.946
1711232520,+3.52,+29.099, +8.301,+0.946
1711233420,+3.52,+29.073, +8.050,+0.945
1711234320,+3.52,+29.073, +7.924,+0.946
1711235220,+3.52,+29.039, +7.816,+0.945
1711236120,+3.52,+29.013, +7.682,+0.945
1711237020,+3.52,+29.004, +7.638,+0.944
1711237920,+3.52,+28.961, +7.621,+0.945
1711238820,+3.52,+28.953, +7.575,+0.945
1711239720,+3.52,+28.961, +7.406,+0.945
1711240620,+3.52,+28.936, +7.462,+0.945
1711241520,+3.52,+28.918, +7.402,+0.945
1711242420,+3.52,+28.884, +7.297,+0.945
1711243320,+3.52,+28.858, +7.307,+0.946
1711244220,+3.52,+28.824, +7.362,+0.945
1711245120,+3.52,+28.824, +7.176,+0.945
1711246020,+3.52,+28.807, +7.101,+0.944
1711246920,+3.52,+28.773, +7.088,+0.945
1711247820,+3.52,+28.756, +7.078,+0.945
1711248720,+3.52,+28.756, +7.019,+0.945
1711249620,+3.52,+28.738, +6.936,+0.945
1711250520,+3.52,+28.721, +6.931,+0.945
1711251420,+3.52,+28.687, +6.913,+0.945
1711252320,+3.52,+28.678, +6.780,+0.945
1711253220,+3.52,+28.661, +6.767,+0.945
1711254120,+3.52,+28.653, +6.801,+0.945
1711255020,+3.52,+28.636, +6.777,+0.945
1711255920,+3.51,+28.619, +6.824,+0.945
1711256820,+3.51,+28.601, +6.783,+0.945
1711257720,+3.51,+28.619, +6.666,+0.944
1711258620,+3.51,+28.584, +6.680,+0.945
1711259520,+3.51,+28.567, +6.737,+0.945
1711260420,+3.51,+28.559, +6.578,+0.944
1711261320,+3.51,+28.533, +6.562,+0.944
1711262220,+3.51,+28.533, +6.604,+0.945
1711263120,+3.51,+28.524, +6.572,+0.944
1711264020,+3.51,+28.524, +6.287,+0.945
1711264920,+3.51,+28.490, +5.792,+0.944
1711265820,+3.51,+28.482, +5.839,+0.944
1711266720,+3.51,+28.447, +5.941,+0.944
1711267620,+3.51,+28.456, +6.087,+0.944
1711268520,+3.51,+28.413, +5.438,+0.944
1711269420,+3.51,+28.396, +5.442,+0.943
1711270320,+3.51,+28.396, +5.455,+0.944
1711271220,+3.51,+28.370, +5.582,+0.943
1711272120,+3.51,+28.353, +5.854,+0.944
1711273020,+3.51,+28.345, +5.920,+0.944
1711273920,+3.51,+28.319, +6.080,+0.944
1711274820,+3.51,+28.294, +5.960,+0.944
1711275720,+3.51,+28.285, +5.964,+0.944
1711276620,+3.51,+28.276, +5.369,+0.944
1711277520,+3.51,+28.251, +5.162,+0.943
1711278420,+3.51,+28.268, +5.777,+0.944
1711279320,+3.51,+28.208, +5.725,+0.944
1711280220,+3.51,+28.225, +6.468,+0.943
1711281120,+3.52,+28.208, +6.943,+0.942
1711282020,+3.52,+28.225, +6.916,+0.943
1711282920,+3.51,+28.234, +7.989,+0.942
1711283820,+3.52,+28.217, +8.003,+0.943
1711284720,+3.51,+28.268, +8.373,+0.941
1711285620,+3.51,+28.276, +8.009,+0.941
1711286520,+3.51,+28.302, +8.485,+0.940
1711287420,+3.51,+28.268, +7.412,+0.943
1711288320,+3.51,+28.388, +9.234,+0.935
1711289220,+3.51,+28.447, +9.459,+0.935
1711290120,+3.51,+28.439, +9.188,+0.938
1711291020,+3.51,+28.473, +9.875,+0.935
1711291920,+3.51,+28.507,+10.087,+0.935
1711292820,+3.51,+28.465, +9.451,+0.939
1711293720,+3.51,+28.499, +8.675,+0.943
1711294620,+3.51,+28.516, +9.173,+0.941
1711295520,+3.51,+28.507, +8.344,+0.944
1711296420,+3.51,+28.550, +8.448,+0.945
1711297320,+3.51,+28.593, +8.358,+0.944
1711298220,+3.51,+28.670, +8.594,+0.945
1711299120,+3.52,+28.721, +8.853,+0.945
1711300020,+3.52,+28.764, +9.168,+0.944
1711300920,+3.52,+28.807, +9.337,+0.944
1711301820,+3.52,+28.816, +8.949,+0.945
1711302720,+3.52,+28.841, +8.782,+0.946
1711303620,+3.52,+28.884, +8.755,+0.945
1711304520,+3.52,+28.893, +8.770,+0.945
