7450-103873
OS REV: 1.05 Sensor Cal: 1665596969
Time (sec),  BV (Volts),  T (deg C),  DO (mg/l),  Q ()
1709734020,+3.51,+28.003, +6.831,+0.945
1709734920,+3.51,+28.063, +6.847,+0.945
1709735820,+3.51,+28.063, +6.721,+0.945
1709736720,+3.51,+28.140, +7.008,+0.945
1709737620,+3.51,+28.191, +6.871,+0.945
1709738520,+3.51,+28.183, +6.810,+0.945
1709739420,+3.51,+28.217, +7.339,+0.946
1709740320,+3.51,+28.251, +7.258,+0.945
1709741220,+3.51,+28.268, +7.385,+0.946
1709742120,+3.51,+28.328, +7.450,+0.945
1709743020,+3.51,+28.370, +7.444,+0.945
1709743920,+3.51,+28.413, +7.569,+0.945
1709744820,+3.51,+28.482, +7.731,+0.946
1709745720,+3.51,+28.576, +7.896,+0.946
1709746620,+3.51,+28.619, +8.090,+0.946
1709747520,+3.51,+28.636, +8.138,+0.946
1709748420,+3.51,+28.670, +8.452,+0.946
1709749320,+3.51,+28.721, +8.683,+0.946
1709750220,+3.51,+28.747, +8.857,+0.946
1709751120,+3.51,+28.773, +8.955,+0.946
1709752020,+3.51,+28.773, +9.097,+0.947
1709752920,+3.51,+28.781, +9.078,+0.946
1709753820,+3.52,+28.730, +9.028,+0.946
1709754720,+3.52,+28.721, +8.886,+0.946
1709755620,+3.51,+28.756, +9.004,+0.946
1709756520,+3.51,+28.670, +9.129,+0.946
1709757420,+3.51,+28.619, +8.892,+0.947
1709758320,+3.51,+28.567, +8.775,+0.947
1709759220,+3.51,+28.524, +8.690,+0.947
1709760120,+3.51,+28.516, +8.617,+0.946
1709761020,+3.51,+28.584, +8.568,+0.946
1709761920,+3.51,+28.542, +8.568,+0.945
1709762820,+3.51,+28.533, +8.470,+0.946
1709763720,+3.51,+28.533, +8.394,+0.947
1709764620,+3.51,+28.542, +8.219,+0.946
1709765520,+3.51,+28.524, +8.143,+0.946
1709766420,+3.51,+28.524, +8.214,+0.946
1709767320,+3.51,+28.533, +8.218,+0.946
1709768220,+3.51,+28.524, +8.194,+0.945
1709769120,+3.51,+28.533, +8.146,+0.946
1709770020,+3.51,+28.516, +8.125,+0.946
1709770920,+3.51,+28.507, +7.956,+0.946
1709771820,+3.51,+28.490, +7.955,+0.945
1709772720,+3.51,+28.465, +7.820,+0.946
1709773620,+3.51,+28.447, +7.743,+0.946
1709774520,+3.51,+28.439, +7.578,+0.945
1709775420,+3.51,+28.388, +7.838,+0.945
1709776320,+3.51,+28.396, +7.651,+0.945
1709777220,+3.51,+28.370, +7.566,+0.946
1709778120,+3.51,+28.336, +7.753,+0.945
1709779020,+3.51,+28.336, +7.594,+0.945
1709779920,+3.51,+28.319, +7.536,+0.945
1709780820,+3.51,+28.302, +7.487,+0.946
1709781720,+3.51,+28.276, +7.512,+0.946
1709782620,+3.51,+28.259, +7.426,+0.946
1709783520,+3.51,+28.268, +7.346,+0.945
1709784420,+3.51,+28.217, +7.332,+0.945
1709785320,+3.51,+28.217, +7.322,+0.946
1709786220,+3.51,+28.183, +7.288,+0.946
1709787120,+3.51,+28.191, +7.268,+0.945
1709788020,+3.51,+28.191, +6.881,+0.945
1709788920,+3.51,+28.148, +6.475,+0.944
1709789820,+3.52,+28.097, +6.565,+0.945
1709790720,+3.52,+28.046, +6.852,+0.945
1709791620,+3.52,+28.003, +6.861,+0.945
1709792520,+3.52,+27.986, +6.979,+0.945
1709793420,+3.52,+27.927, +7.213,+0.945
1709794320,+3.52,+27.884, +7.260,+0.946
1709795220,+3.52,+27.867, +7.142,+0.945
1709796120,+3.52,+27.884, +7.182,+0.945
1709797020,+3.52,+27.884, +7.009,+0.945
1709797920,+3.52,+27.892, +7.099,+0.945
1709798820,+3.52,+27.875, +7.263,+0.946
1709799720,+3.52,+27.875, +7.157,+0.945
1709800620,+3.52,+27.841, +7.179,+0.945
1709801520,+3.52,+27.833, +7.243,+0.946
1709802420,+3.52,+27.833, +7.058,+0.946
1709803320,+3.52,+27.816, +7.173,+0.946
1709804220,+3.52,+27.790, +7.105,+0.945
1709805120,+3.52,+27.765, +7.063,+0.945
1709806020,+3.52,+27.748, +6.909,+0.945
1709806920,+3.52,+27.739, +6.975,+0.945
1709807820,+3.52,+27.739, +6.936,+0.946
1709808720,+3.52,+27.696, +6.912,+0.945
1709809620,+3.52,+27.696, +6.834,+0.945
1709810520,+3.52,+27.662, +6.702,+0.945
1709811420,+3.52,+27.654, +6.811,+0.946
1709812320,+3.52,+27.637, +6.622,+0.945
1709813220,+3.52,+27.637, +6.818,+0.946
1709814120,+3.52,+27.628, +6.742,+0.945
1709815020,+3.52,+27.654, +6.922,+0.945
1709815920,+3.52,+27.662, +6.660,+0.945
1709816820,+3.52,+27.645, +6.735,+0.945
1709817720,+3.52,+27.654, +6.696,+0.945
1709818620,+3.52,+27.671, +6.761,+0.945
1709819520,+3.52,+27.679, +6.718,+0.946
1709820420,+3.52,+27.688, +6.901,+0.945
