7450-103873
OS REV: 1.05 Sensor Cal: 1665596969
Time (sec),  BV (Volts),  T (deg C),  DO (mg/l),  Q ()
1710607020,+3.51,+28.319, +7.623,+0.945
1710607920,+3.51,+28.362, +7.696,+0.945
1710608820,+3.51,+28.396, +7.802,+0.945
1710609720,+3.51,+28.379, +7.812,+0.945
1710610620,+3.51,+28.379, +7.956,+0.945
1710611520,+3.51,+28.413, +8.157,+0.945
1710612420,+3.51,+28.439, +8.557,+0.945
1710613320,+3.51,+28.465, +8.581,+0.946
1710614220,+3.51,+28.482, +8.450,+0.946
1710615120,+3.51,+28.490, +8.514,+0.946
1710616020,+3.51,+28.499, +8.564,+0.945
1710616920,+3.51,+28.516, +8.508,+0.945
1710617820,+3.51,+28.490, +8.532,+0.945
1710618720,+3.51,+28.473, +8.452,+0.946
1710619620,+3.51,+28.490, +8.508,+0.946
1710620520,+3.51,+28.533, +8.590,+0.946
1710621420,+3.51,+28.542, +8.655,+0.946
1710622320,+3.51,+28.559, +8.702,+0.946
1710623220,+3.51,+28.593, +8.642,+0.946
1710624120,+3.51,+28.593, +8.543,+0.945
1710625020,+3.51,+28.593, +8.511,+0.945
1710625920,+3.51,+28.576, +8.327,+0.946
1710626820,+3.51,+28.576, +8.336,+0.946
1710627720,+3.51,+28.567, +8.271,+0.946
1710628620,+3.51,+28.533, +8.240,+0.946
1710629520,+3.51,+28.542, +8.097,+0.946
1710630420,+3.51,+28.490, +8.028,+0.947
1710631320,+3.51,+28.473, +7.964,+0.945
1710632220,+3.51,+28.473, +7.803,+0.946
1710633120,+3.51,+28.456, +7.893,+0.945
1710634020,+3.51,+28.447, +7.896,+0.945
1710634920,+3.51,+28.439, +7.891,+0.945
1710635820,+3.51,+28.447, +7.863,+0.946
1710636720,+3.51,+28.413, +7.714,+0.946
1710637620,+3.51,+28.413, +7.601,+0.946
1710638520,+3.51,+28.396, +7.676,+0.945
1710639420,+3.51,+28.388, +7.663,+0.946
1710640320,+3.51,+28.370, +7.593,+0.946
1710641220,+3.51,+28.362, +7.564,+0.945
1710642120,+3.51,+28.353, +7.509,+0.945
1710643020,+3.51,+28.345, +7.560,+0.946
1710643920,+3.51,+28.319, +7.381,+0.945
1710644820,+3.51,+28.311, +7.330,+0.946
1710645720,+3.51,+28.294, +7.307,+0.945
1710646620,+3.51,+28.285, +7.319,+0.945
1710647520,+3.51,+28.259, +7.236,+0.945
1710648420,+3.51,+28.268, +7.272,+0.945
1710649320,+3.51,+28.242, +7.177,+0.945
1710650220,+3.51,+28.225, +7.082,+0.945
1710651120,+3.51,+28.217, +7.134,+0.945
1710652020,+3.52,+28.191, +7.117,+0.946
1710652920,+3.51,+28.200, +7.019,+0.945
1710653820,+3.51,+28.183, +7.086,+0.946
1710654720,+3.52,+28.148, +7.052,+0.946
1710655620,+3.52,+28.140, +7.010,+0.945
1710656520,+3.52,+28.131, +6.973,+0.946
1710657420,+3.52,+28.123, +7.054,+0.945
1710658320,+3.52,+28.097, +6.854,+0.945
1710659220,+3.52,+28.089, +6.888,+0.945
1710660120,+3.52,+28.089, +6.865,+0.946
1710661020,+3.52,+28.072, +6.577,+0.945
1710661920,+3.52,+28.012, +6.157,+0.944
1710662820,+3.52,+27.969, +5.869,+0.944
1710663720,+3.52,+27.969, +5.802,+0.944
1710664620,+3.52,+27.927, +6.597,+0.945
1710665520,+3.52,+27.875, +6.431,+0.944
1710666420,+3.52,+27.850, +6.253,+0.945
1710667320,+3.52,+27.850, +6.420,+0.946
1710668220,+3.52,+27.850, +6.427,+0.945
1710669120,+3.52,+27.816, +6.207,+0.945
1710670020,+3.52,+27.807, +6.205,+0.945
1710670920,+3.52,+27.799, +6.225,+0.945
1710671820,+3.52,+27.790, +6.372,+0.945
1710672720,+3.52,+27.748, +6.405,+0.945
1710673620,+3.52,+27.722, +6.468,+0.946
1710674520,+3.52,+27.739, +6.731,+0.945
1710675420,+3.52,+27.739, +6.794,+0.945
1710676320,+3.52,+27.714, +6.996,+0.945
1710677220,+3.52,+27.790, +7.032,+0.945
1710678120,+3.52,+27.790, +7.174,+0.945
1710679020,+3.52,+27.867, +7.675,+0.945
1710679920,+3.52,+27.858, +7.492,+0.944
1710680820,+3.52,+27.901, +7.664,+0.944
1710681720,+3.52,+27.944, +7.942,+0.944
1710682620,+3.52,+28.012, +7.952,+0.945
1710683520,+3.52,+28.029, +7.823,+0.943
1710684420,+3.52,+28.003, +7.330,+0.944
1710685320,+3.51,+28.097, +7.711,+0.944
1710686220,+3.51,+28.106, +7.495,+0.944
1710687120,+3.51,+28.080, +7.376,+0.945
1710688020,+3.51,+28.148, +7.604,+0.944
1710688920,+3.51,+28.183, +7.557,+0.943
1710689820,+3.51,+28.183, +7.680,+0.945
1710690720,+3.51,+28.148, +7.808,+0.945
1710691620,+3.51,+28.217, +8.017,+0.945
1710692520,+3.51,+28.268, +8.093,+0.945
1710693420,+3.51,+28.294, +8.186,+0.945
