7450-103873
OS REV: 1.05 Sensor Cal: 1665596969
Time (sec),  BV (Volts),  T (deg C),  DO (mg/l),  Q ()
1712440320,+3.52,+29.787, +8.709,+0.945
1712441220,+3.52,+29.804, +8.351,+0.945
1712442120,+3.52,+29.787, +8.007,+0.945
1712443020,+3.51,+29.752, +7.644,+0.944
1712443920,+3.52,+29.761, +7.609,+0.944
1712444820,+3.51,+29.770, +7.404,+0.944
1712445720,+3.51,+29.752, +7.130,+0.944
1712446620,+3.52,+29.744, +6.679,+0.944
1712447520,+3.51,+29.744, +6.526,+0.944
1712448420,+3.51,+29.735, +6.597,+0.943
1712449320,+3.51,+29.735, +6.718,+0.944
1712450220,+3.51,+29.692, +6.330,+0.943
1712451120,+3.51,+29.701, +6.458,+0.943
1712452020,+3.51,+29.701, +6.019,+0.943
1712452920,+3.51,+29.683, +6.092,+0.944
1712453820,+3.51,+29.675, +5.858,+0.943
1712454720,+3.51,+29.666, +5.706,+0.943
1712455620,+3.51,+29.666, +5.529,+0.941
1712456520,+3.51,+29.683, +5.730,+0.942
1712457420,+3.51,+29.666, +5.552,+0.943
1712458320,+3.51,+29.640, +5.125,+0.942
1712459220,+3.51,+29.640, +5.081,+0.942
1712460120,+3.51,+29.632, +4.905,+0.942
1712461020,+3.51,+29.623, +4.847,+0.943
1712461920,+3.51,+29.615, +4.909,+0.942
1712462820,+3.51,+29.632, +4.842,+0.942
1712463720,+3.51,+29.606, +4.617,+0.941
1712464620,+3.51,+29.615, +4.538,+0.941
1712465520,+3.51,+29.606, +4.850,+0.942
1712466420,+3.51,+29.606, +4.516,+0.942
1712467320,+3.51,+29.606, +4.538,+0.943
1712468220,+3.51,+29.606, +4.563,+0.942
1712469120,+3.51,+29.606, +4.495,+0.942
1712470020,+3.51,+29.589, +4.514,+0.942
1712470920,+3.51,+29.597, +4.452,+0.942
1712471820,+3.51,+29.580, +4.243,+0.942
1712472720,+3.51,+29.554, +4.033,+0.942
1712473620,+3.51,+29.520, +3.691,+0.943
1712474520,+3.51,+29.520, +3.559,+0.943
1712475420,+3.51,+29.511, +3.385,+0.942
1712476320,+3.51,+29.468, +3.403,+0.943
1712477220,+3.51,+29.477, +3.519,+0.942
1712478120,+3.51,+29.442, +3.432,+0.943
1712479020,+3.51,+29.434, +3.148,+0.942
1712479920,+3.51,+29.425, +3.105,+0.942
1712480820,+3.51,+29.417, +3.427,+0.942
1712481720,+3.51,+29.408, +3.682,+0.942
1712482620,+3.51,+29.425, +4.026,+0.942
1712483520,+3.51,+29.417, +4.056,+0.942
1712484420,+3.51,+29.391, +3.880,+0.942
1712485320,+3.51,+29.399, +3.681,+0.941
1712486220,+3.51,+29.382, +4.129,+0.942
1712487120,+3.51,+29.391, +4.643,+0.942
1712488020,+3.51,+29.382, +5.052,+0.943
1712488920,+3.51,+29.374, +5.369,+0.944
1712489820,+3.51,+29.391, +6.904,+0.944
1712490720,+3.51,+29.417, +8.908,+0.944
1712491620,+3.51,+29.442,+10.592,+0.943
1712492520,+3.51,+29.477,+11.850,+0.943
1712493420,+3.51,+29.528,+12.838,+0.943
1712494320,+3.51,+29.528,+13.570,+0.943
1712495220,+3.51,+29.546,+13.582,+0.941
1712496120,+3.51,+29.563,+14.031,+0.941
1712497020,+3.51,+29.563,+12.828,+0.942
1712497920,+3.51,+29.571,+12.744,+0.941
1712498820,+3.51,+29.580,+11.562,+0.942
1712499720,+3.51,+29.606,+11.281,+0.941
1712500620,+3.51,+29.675,+12.199,+0.941
1712501520,+3.51,+29.735,+12.602,+0.942
1712502420,+3.51,+29.735,+12.316,+0.942
1712503320,+3.52,+29.752,+11.442,+0.943
1712504220,+3.52,+29.787,+11.304,+0.944
1712505120,+3.52,+29.830,+11.029,+0.945
1712506020,+3.52,+29.864,+10.723,+0.945
1712506920,+3.52,+29.899,+10.790,+0.946
1712507820,+3.52,+29.942,+10.510,+0.944
1712508720,+3.52,+29.925,+10.409,+0.946
1712509620,+3.52,+29.933,+10.388,+0.945
1712510520,+3.52,+29.942,+10.221,+0.945
1712511420,+3.52,+30.020, +9.400,+0.945
1712512320,+3.52,+30.028, +9.473,+0.944
1712513220,+3.52,+30.089, +9.335,+0.946
1712514120,+3.52,+30.115, +9.304,+0.944
1712515020,+3.52,+30.158, +9.291,+0.945
1712515920,+3.52,+30.098, +9.192,+0.944
1712516820,+3.52,+30.080, +9.168,+0.945
1712517720,+3.52,+30.158, +9.059,+0.945
1712518620,+3.52,+30.132, +9.235,+0.944
1712519520,+3.52,+30.132, +9.213,+0.945
1712520420,+3.52,+30.149, +8.988,+0.944
1712521320,+3.52,+30.149, +9.106,+0.945
1712522220,+3.52,+30.123, +9.081,+0.944
1712523120,+3.52,+30.106, +8.847,+0.945
1712524020,+3.52,+30.123, +8.614,+0.944
1712524920,+3.52,+30.098, +8.512,+0.946
1712525820,+3.52,+30.098, +8.241,+0.945
1712526720,+3.52,+30.132, +7.992,+0.944
