7450-108745
OS REV: 1.05 Sensor Cal: 1665599189
Time (sec),  BV (Volts),  T (deg C),  DO (mg/l),  Q ()
1711392900,+3.51,+29.279, +8.820,+0.905
1711393800,+3.51,+29.262, +9.023,+0.904
1711394700,+3.51,+29.262, +9.254,+0.904
1711395600,+3.51,+29.253, +9.264,+0.904
1711396500,+3.51,+29.253, +9.388,+0.904
1711397400,+3.51,+29.271, +9.279,+0.904
1711398300,+3.51,+29.271, +9.496,+0.904
1711399200,+3.51,+29.305, +9.433,+0.904
1711400100,+3.51,+29.374, +9.414,+0.905
1711401000,+3.51,+29.442, +9.957,+0.904
1711401900,+3.51,+29.442, +9.619,+0.904
1711402800,+3.51,+29.511, +9.764,+0.904
1711403700,+3.51,+29.494, +8.938,+0.905
1711404600,+3.51,+29.494, +8.852,+0.904
1711405500,+3.51,+29.485, +8.856,+0.905
1711406400,+3.51,+29.520, +8.617,+0.904
1711407300,+3.51,+29.468, +8.498,+0.904
1711408200,+3.51,+29.374, +8.525,+0.905
1711409100,+3.51,+29.348, +8.485,+0.904
1711410000,+3.51,+29.271, +8.283,+0.904
1711410900,+3.51,+29.228, +7.875,+0.903
1711411800,+3.51,+29.228, +7.778,+0.903
1711412700,+3.51,+29.210, +7.665,+0.903
1711413600,+3.51,+29.185, +7.638,+0.904
1711414500,+3.51,+29.210, +7.445,+0.904
1711415400,+3.51,+29.176, +7.560,+0.904
1711416300,+3.51,+29.176, +7.375,+0.904
1711417200,+3.51,+29.150, +7.299,+0.904
1711418100,+3.51,+29.133, +7.114,+0.903
1711419000,+3.51,+29.116, +7.176,+0.904
1711419900,+3.51,+29.107, +7.139,+0.904
1711420800,+3.51,+29.125, +7.127,+0.903
1711421700,+3.51,+29.125, +7.028,+0.903
1711422600,+3.51,+29.133, +6.806,+0.903
1711423500,+3.51,+29.107, +6.889,+0.904
1711424400,+3.51,+29.107, +6.921,+0.903
1711425300,+3.51,+29.107, +6.914,+0.903
1711426200,+3.51,+29.090, +6.843,+0.903
1711427100,+3.51,+29.073, +6.785,+0.903
1711428000,+3.51,+29.073, +6.704,+0.903
1711428900,+3.51,+29.065, +6.593,+0.903
1711429800,+3.51,+29.047, +6.544,+0.903
1711430700,+3.51,+29.039, +6.336,+0.903
1711431600,+3.51,+29.022, +5.976,+0.902
1711432500,+3.51,+29.030, +6.171,+0.903
1711433400,+3.52,+29.005, +5.902,+0.903
1711434300,+3.51,+28.970, +5.957,+0.903
1711435200,+3.52,+28.970, +5.899,+0.903
1711436100,+3.52,+28.962, +5.698,+0.903
1711437000,+3.52,+28.945, +5.623,+0.903
1711437900,+3.52,+28.970, +5.805,+0.902
1711438800,+3.52,+28.936, +5.809,+0.903
1711439700,+3.52,+28.919, +5.466,+0.903
1711440600,+3.52,+28.902, +5.669,+0.902
1711441500,+3.52,+28.902, +5.636,+0.903
1711442400,+3.52,+28.902, +6.036,+0.903
1711443300,+3.52,+28.885, +5.934,+0.902
1711444200,+3.52,+28.850, +5.587,+0.902
1711445100,+3.52,+28.842, +5.667,+0.902
1711446000,+3.52,+28.782, +5.680,+0.903
1711446900,+3.52,+28.790, +5.760,+0.903
1711447800,+3.52,+28.816, +5.938,+0.903
1711448700,+3.52,+28.782, +5.789,+0.903
1711449600,+3.52,+28.739, +5.735,+0.903
1711450500,+3.52,+28.713, +5.720,+0.903
1711451400,+3.52,+28.696, +5.818,+0.903
1711452300,+3.52,+28.705, +5.988,+0.903
1711453200,+3.52,+28.731, +6.175,+0.903
1711454100,+3.52,+28.739, +6.575,+0.903
1711455000,+3.52,+28.748, +6.395,+0.903
1711455900,+3.52,+28.731, +6.644,+0.902
1711456800,+3.52,+28.773, +6.998,+0.902
1711457700,+3.52,+28.825, +7.212,+0.902
1711458600,+3.52,+28.808, +7.311,+0.902
1711459500,+3.52,+28.876, +7.502,+0.902
1711460400,+3.51,+28.945, +7.545,+0.901
1711461300,+3.51,+29.022, +7.753,+0.900
1711462200,+3.51,+29.082, +7.892,+0.901
1711463100,+3.51,+29.193, +8.439,+0.902
1711464000,+3.51,+29.228, +8.165,+0.902
1711464900,+3.51,+29.133, +6.605,+0.902
1711465800,+3.51,+29.193, +7.018,+0.899
1711466700,+3.51,+29.245, +7.132,+0.900
1711467600,+3.51,+29.210, +6.709,+0.902
1711468500,+3.51,+29.210, +6.890,+0.902
1711469400,+3.51,+29.262, +6.972,+0.901
1711470300,+3.51,+29.339, +7.888,+0.900
1711471200,+3.51,+29.374, +8.039,+0.901
1711472100,+3.51,+29.288, +7.208,+0.902
1711473000,+3.51,+29.322, +7.699,+0.903
1711473900,+3.51,+29.356, +8.189,+0.902
1711474800,+3.51,+29.339, +7.741,+0.903
1711475700,+3.51,+29.331, +7.672,+0.904
1711476600,+3.51,+29.382, +8.036,+0.902
1711477500,+3.51,+29.382, +8.001,+0.903
1711478400,+3.51,+29.374, +7.891,+0.902
1711479300,+3.51,+29.391, +8.086,+0.903
