7450-108745
OS REV: 1.05 Sensor Cal: 1665599189
Time (sec),  BV (Volts),  T (deg C),  DO (mg/l),  Q ()
1711218300,+3.51,+28.808, +8.425,+0.905
1711219200,+3.52,+28.808, +8.461,+0.905
1711220100,+3.51,+28.842, +8.573,+0.905
1711221000,+3.51,+28.885, +8.714,+0.906
1711221900,+3.51,+28.953, +8.556,+0.905
1711222800,+3.51,+28.970, +8.833,+0.905
1711223700,+3.51,+28.987, +8.925,+0.906
1711224600,+3.51,+29.030, +8.826,+0.905
1711225500,+3.51,+29.047, +8.970,+0.906
1711226400,+3.51,+29.030, +9.028,+0.905
1711227300,+3.51,+29.090, +8.870,+0.905
1711228200,+3.51,+29.065, +8.892,+0.905
1711229100,+3.51,+29.065, +9.018,+0.905
1711230000,+3.51,+29.116, +8.799,+0.905
1711230900,+3.51,+29.116, +8.660,+0.905
1711231800,+3.51,+29.090, +8.686,+0.906
1711232700,+3.51,+29.073, +8.627,+0.905
1711233600,+3.51,+29.056, +8.378,+0.905
1711234500,+3.51,+29.056, +8.273,+0.905
1711235400,+3.51,+29.039, +8.265,+0.905
1711236300,+3.51,+29.013, +8.132,+0.905
1711237200,+3.51,+28.996, +8.104,+0.904
1711238100,+3.51,+28.970, +8.029,+0.904
1711239000,+3.51,+28.953, +7.970,+0.905
1711239900,+3.51,+28.910, +7.945,+0.905
1711240800,+3.51,+28.910, +7.851,+0.905
1711241700,+3.51,+28.885, +7.804,+0.905
1711242600,+3.51,+28.867, +7.721,+0.905
1711243500,+3.52,+28.842, +7.782,+0.905
1711244400,+3.51,+28.825, +7.684,+0.905
1711245300,+3.52,+28.808, +7.676,+0.905
1711246200,+3.52,+28.782, +7.607,+0.905
1711247100,+3.52,+28.756, +7.545,+0.905
1711248000,+3.52,+28.765, +7.525,+0.904
1711248900,+3.52,+28.739, +7.464,+0.905
1711249800,+3.52,+28.722, +7.401,+0.904
1711250700,+3.52,+28.705, +7.498,+0.904
1711251600,+3.52,+28.679, +7.413,+0.904
1711252500,+3.51,+28.662, +7.282,+0.905
1711253400,+3.51,+28.662, +7.276,+0.904
1711254300,+3.51,+28.645, +7.326,+0.905
1711255200,+3.51,+28.628, +7.271,+0.904
1711256100,+3.51,+28.594, +7.285,+0.904
1711257000,+3.51,+28.602, +7.200,+0.905
1711257900,+3.51,+28.602, +7.177,+0.904
1711258800,+3.51,+28.568, +7.113,+0.904
1711259700,+3.51,+28.542, +7.253,+0.904
1711260600,+3.51,+28.534, +7.045,+0.905
1711261500,+3.51,+28.534, +7.089,+0.904
1711262400,+3.51,+28.517, +7.139,+0.904
1711263300,+3.51,+28.508, +6.999,+0.904
1711264200,+3.51,+28.525, +6.632,+0.903
1711265100,+3.51,+28.491, +6.399,+0.903
1711266000,+3.51,+28.457, +6.575,+0.904
1711266900,+3.51,+28.440, +6.680,+0.904
1711267800,+3.51,+28.406, +6.166,+0.903
1711268700,+3.51,+28.414, +5.901,+0.903
1711269600,+3.51,+28.389, +5.939,+0.903
1711270500,+3.51,+28.380, +6.039,+0.903
1711271400,+3.51,+28.363, +6.197,+0.904
1711272300,+3.51,+28.346, +6.455,+0.904
1711273200,+3.51,+28.329, +6.410,+0.903
1711274100,+3.51,+28.303, +6.525,+0.904
1711275000,+3.51,+28.286, +6.478,+0.904
1711275900,+3.51,+28.286, +6.418,+0.904
1711276800,+3.51,+28.252, +5.075,+0.903
1711277700,+3.51,+28.260, +5.757,+0.903
1711278600,+3.51,+28.243, +5.879,+0.903
1711279500,+3.51,+28.158, +5.474,+0.904
1711280400,+3.51,+28.192, +5.425,+0.904
1711281300,+3.51,+28.192, +5.750,+0.904
1711282200,+3.51,+28.218, +5.907,+0.903
1711283100,+3.51,+28.218, +6.334,+0.903
1711284000,+3.51,+28.243, +6.369,+0.903
1711284900,+3.51,+28.235, +6.244,+0.904
1711285800,+3.51,+28.269, +6.284,+0.903
1711286700,+3.51,+28.303, +6.119,+0.903
1711287600,+3.51,+28.312, +6.316,+0.903
1711288500,+3.51,+28.389, +6.624,+0.903
1711289400,+3.51,+28.431, +6.777,+0.903
1711290300,+3.51,+28.440, +6.927,+0.903
1711291200,+3.51,+28.465, +7.109,+0.903
1711292100,+3.51,+28.440, +7.277,+0.903
1711293000,+3.51,+28.474, +7.178,+0.903
1711293900,+3.51,+28.525, +7.293,+0.903
1711294800,+3.51,+28.559, +7.499,+0.902
1711295700,+3.51,+28.534, +7.516,+0.903
1711296600,+3.51,+28.585, +7.438,+0.904
1711297500,+3.51,+28.636, +7.917,+0.904
1711298400,+3.51,+28.713, +8.067,+0.904
1711299300,+3.52,+28.782, +8.307,+0.903
1711300200,+3.52,+28.808, +8.629,+0.904
1711301100,+3.52,+28.825, +8.439,+0.904
1711302000,+3.52,+28.842, +8.356,+0.904
1711302900,+3.51,+28.859, +8.362,+0.904
1711303800,+3.51,+28.859, +8.255,+0.905
1711304700,+3.51,+28.867, +8.303,+0.905
