7450-074790
OS REV: 1.05 Sensor Cal: 1689191523
Time (sec),  BV (Volts),  T (deg C),  DO (mg/l),  Q ()
1692899700,+3.56,+30.752, +8.739,+0.966
1692900600,+3.56,+30.769, +8.872,+0.965
1692901500,+3.56,+30.769, +8.908,+0.966
1692902400,+3.56,+30.787, +8.966,+0.965
1692903300,+3.56,+30.700, +9.570,+0.966
1692904200,+3.56,+30.752, +9.256,+0.965
1692905100,+3.56,+30.830, +9.170,+0.966
1692906000,+3.56,+30.787, +9.570,+0.966
1692906900,+3.56,+30.856, +9.638,+0.966
1692907800,+3.56,+30.908, +9.565,+0.965
1692908700,+3.56,+30.865, +9.939,+0.966
1692909600,+3.56,+30.900, +9.804,+0.966
1692910500,+3.57,+30.917, +9.636,+0.966
1692911400,+3.57,+30.926, +9.517,+0.965
1692912300,+3.57,+30.952, +9.379,+0.965
1692913200,+3.57,+30.995, +9.051,+0.965
1692914100,+3.57,+30.995, +9.055,+0.965
1692915000,+3.57,+30.882, +9.638,+0.965
1692915900,+3.57,+30.952, +8.793,+0.964
1692916800,+3.57,+30.952, +8.776,+0.966
1692917700,+3.57,+30.978, +8.245,+0.965
1692918600,+3.57,+30.969, +8.386,+0.965
1692919500,+3.57,+30.891, +8.920,+0.966
1692920400,+3.57,+30.900, +8.505,+0.966
1692921300,+3.57,+30.900, +8.438,+0.965
1692922200,+3.57,+30.943, +8.325,+0.966
1692923100,+3.57,+30.917, +7.921,+0.965
1692924000,+3.57,+30.952, +8.006,+0.965
1692924900,+3.57,+30.917, +7.651,+0.965
1692925800,+3.57,+30.943, +7.717,+0.965
1692926700,+3.57,+30.882, +7.206,+0.965
1692927600,+3.57,+30.908, +7.475,+0.965
1692928500,+3.57,+30.865, +7.260,+0.965
1692929400,+3.57,+30.908, +7.134,+0.965
1692930300,+3.57,+30.874, +7.749,+0.965
1692931200,+3.56,+30.804, +8.280,+0.965
1692932100,+3.56,+30.822, +8.148,+0.965
1692933000,+3.56,+30.830, +7.765,+0.965
1692933900,+3.56,+30.796, +7.660,+0.965
1692934800,+3.56,+30.769, +7.597,+0.965
1692935700,+3.56,+30.769, +7.284,+0.965
1692936600,+3.56,+30.769, +7.142,+0.965
1692937500,+3.56,+30.752, +7.025,+0.965
1692938400,+3.56,+30.761, +7.124,+0.965
1692939300,+3.56,+30.761, +7.409,+0.965
1692940200,+3.56,+30.743, +7.457,+0.965
1692941100,+3.56,+30.743, +7.431,+0.965
1692942000,+3.56,+30.735, +7.203,+0.965
1692942900,+3.56,+30.735, +7.129,+0.965
1692943800,+3.56,+30.726, +7.128,+0.965
1692944700,+3.56,+30.691, +6.984,+0.964
1692945600,+3.56,+30.683, +6.969,+0.965
1692946500,+3.56,+30.657, +6.869,+0.965
1692947400,+3.56,+30.648, +6.872,+0.965
1692948300,+3.56,+30.631, +7.001,+0.965
1692949200,+3.56,+30.639, +6.875,+0.965
1692950100,+3.56,+30.639, +6.802,+0.965
1692951000,+3.56,+30.631, +6.393,+0.965
1692951900,+3.56,+30.596, +6.626,+0.964
1692952800,+3.56,+30.587, +6.282,+0.965
1692953700,+3.56,+30.570, +6.078,+0.965
1692954600,+3.57,+30.535, +6.030,+0.965
1692955500,+3.57,+30.561, +5.995,+0.965
1692956400,+3.57,+30.544, +5.766,+0.965
1692957300,+3.57,+30.500, +6.114,+0.964
1692958200,+3.57,+30.396, +6.558,+0.965
1692959100,+3.57,+30.362, +6.520,+0.964
1692960000,+3.57,+30.345, +6.431,+0.965
1692960900,+3.57,+30.345, +6.534,+0.965
1692961800,+3.57,+30.319, +6.642,+0.965
1692962700,+3.57,+30.310, +6.693,+0.965
1692963600,+3.57,+30.336, +6.444,+0.965
1692964500,+3.57,+30.310, +6.427,+0.965
1692965400,+3.57,+30.327, +6.337,+0.964
1692966300,+3.57,+30.310, +6.000,+0.965
1692967200,+3.57,+30.327, +6.142,+0.965
1692968100,+3.57,+30.327, +6.832,+0.964
1692969000,+3.57,+30.327, +6.410,+0.965
1692969900,+3.57,+30.353, +6.739,+0.965
1692970800,+3.57,+30.362, +7.044,+0.965
1692971700,+3.57,+30.353, +7.239,+0.965
1692972600,+3.57,+30.388, +7.298,+0.965
1692973500,+3.57,+30.422, +7.448,+0.964
1692974400,+3.57,+30.466, +7.585,+0.965
1692975300,+3.57,+30.483, +7.458,+0.965
1692976200,+3.57,+30.518, +7.615,+0.965
1692977100,+3.56,+30.544, +7.838,+0.965
1692978000,+3.57,+30.570, +7.923,+0.964
1692978900,+3.56,+30.613, +8.103,+0.965
1692979800,+3.56,+30.639, +8.282,+0.965
1692980700,+3.56,+30.700, +8.339,+0.964
1692981600,+3.56,+30.743, +8.415,+0.965
1692982500,+3.56,+30.752, +8.423,+0.965
1692983400,+3.56,+30.778, +8.523,+0.964
1692984300,+3.56,+30.769, +8.436,+0.964
1692985200,+3.56,+30.769, +8.394,+0.965
1692986100,+3.56,+30.830, +8.509,+0.964
