7450-074790
OS REV: 1.05 Sensor Cal: 1689191523
Time (sec),  BV (Volts),  T (deg C),  DO (mg/l),  Q ()
1692812400,+3.56,+29.645, +7.650,+0.966
1692813300,+3.56,+29.688, +7.873,+0.967
1692814200,+3.56,+29.731, +8.134,+0.966
1692815100,+3.56,+29.765, +8.328,+0.967
1692816000,+3.57,+29.817, +8.581,+0.966
1692816900,+3.57,+29.869, +8.541,+0.967
1692817800,+3.57,+29.921, +8.504,+0.966
1692818700,+3.57,+29.938, +8.326,+0.966
1692819600,+3.57,+29.981, +8.325,+0.966
1692820500,+3.57,+30.024, +8.332,+0.966
1692821400,+3.57,+30.068, +8.401,+0.967
1692822300,+3.57,+30.102, +8.426,+0.967
1692823200,+3.57,+30.111, +8.472,+0.966
1692824100,+3.57,+30.128, +8.292,+0.966
1692825000,+3.57,+30.111, +8.253,+0.967
1692825900,+3.57,+30.128, +8.294,+0.966
1692826800,+3.57,+30.145, +8.176,+0.966
1692827700,+3.57,+30.145, +8.145,+0.967
1692828600,+3.57,+30.163, +8.367,+0.967
1692829500,+3.57,+30.189, +8.435,+0.966
1692830400,+3.57,+30.180, +8.304,+0.966
1692831300,+3.57,+30.163, +8.250,+0.967
1692832200,+3.57,+30.154, +8.370,+0.967
1692833100,+3.57,+30.154, +8.176,+0.967
1692834000,+3.57,+30.145, +8.083,+0.966
1692834900,+3.57,+30.128, +8.041,+0.966
1692835800,+3.57,+30.111, +7.960,+0.966
1692836700,+3.57,+30.128, +7.962,+0.966
1692837600,+3.57,+30.111, +7.740,+0.966
1692838500,+3.57,+30.102, +7.789,+0.966
1692839400,+3.57,+30.111, +7.619,+0.966
1692840300,+3.57,+30.094, +7.548,+0.966
1692841200,+3.57,+30.085, +7.496,+0.966
1692842100,+3.57,+30.068, +7.703,+0.967
1692843000,+3.57,+30.059, +7.736,+0.967
1692843900,+3.57,+30.059, +7.510,+0.966
1692844800,+3.57,+30.024, +7.591,+0.966
1692845700,+3.57,+30.033, +7.542,+0.966
1692846600,+3.57,+30.024, +7.354,+0.967
1692847500,+3.57,+30.033, +7.211,+0.966
1692848400,+3.57,+30.016, +7.137,+0.966
1692849300,+3.57,+30.024, +7.097,+0.966
1692850200,+3.57,+30.016, +7.076,+0.966
1692851100,+3.57,+30.024, +7.063,+0.966
1692852000,+3.57,+29.990, +6.967,+0.966
1692852900,+3.57,+29.999, +6.797,+0.966
1692853800,+3.57,+29.938, +6.117,+0.966
1692854700,+3.57,+29.921, +6.484,+0.966
1692855600,+3.57,+29.904, +6.768,+0.966
1692856500,+3.57,+29.895, +6.852,+0.966
1692857400,+3.57,+29.895, +6.479,+0.966
1692858300,+3.57,+29.878, +6.508,+0.966
1692859200,+3.57,+29.886, +6.660,+0.966
1692860100,+3.57,+29.895, +6.488,+0.966
1692861000,+3.57,+29.886, +6.515,+0.966
1692861900,+3.57,+29.886, +6.623,+0.966
1692862800,+3.57,+29.869, +6.110,+0.966
1692863700,+3.57,+29.886, +6.375,+0.966
1692864600,+3.57,+29.843, +6.228,+0.966
1692865500,+3.57,+29.843, +6.154,+0.966
1692866400,+3.57,+29.834, +6.094,+0.966
1692867300,+3.57,+29.843, +5.982,+0.966
1692868200,+3.57,+29.834, +5.940,+0.965
1692869100,+3.57,+29.800, +6.065,+0.966
1692870000,+3.56,+29.783, +5.988,+0.966
1692870900,+3.57,+29.740, +6.029,+0.965
1692871800,+3.56,+29.731, +6.049,+0.966
1692872700,+3.56,+29.705, +6.091,+0.966
1692873600,+3.56,+29.705, +5.741,+0.966
1692874500,+3.56,+29.679, +5.932,+0.966
1692875400,+3.56,+29.705, +5.977,+0.966
1692876300,+3.56,+29.671, +5.857,+0.966
1692877200,+3.56,+29.679, +6.096,+0.965
1692878100,+3.56,+29.688, +5.978,+0.965
1692879000,+3.56,+29.705, +6.106,+0.966
1692879900,+3.56,+29.731, +6.023,+0.965
1692880800,+3.56,+29.740, +6.091,+0.966
1692881700,+3.56,+29.765, +6.160,+0.965
1692882600,+3.56,+29.791, +6.221,+0.966
1692883500,+3.57,+29.809, +6.283,+0.966
1692884400,+3.57,+29.843, +6.296,+0.966
1692885300,+3.57,+29.886, +6.215,+0.966
1692886200,+3.57,+29.921, +6.302,+0.966
1692887100,+3.57,+29.964, +6.360,+0.966
1692888000,+3.57,+29.981, +6.481,+0.966
1692888900,+3.57,+30.016, +6.565,+0.966
1692889800,+3.57,+30.094, +6.770,+0.965
1692890700,+3.57,+30.154, +7.312,+0.966
1692891600,+3.57,+30.197, +7.451,+0.966
1692892500,+3.57,+30.267, +7.545,+0.966
1692893400,+3.56,+30.301, +7.674,+0.966
1692894300,+3.56,+30.336, +8.172,+0.966
1692895200,+3.56,+30.379, +8.298,+0.966
1692896100,+3.56,+30.466, +8.864,+0.965
1692897000,+3.56,+30.535, +8.240,+0.966
1692897900,+3.56,+30.613, +8.991,+0.965
1692898800,+3.56,+30.700, +8.680,+0.965
